y_true,y_pred,error
0.1663549542427063,0.22724199295043945,-0.060887038707733154
0.15470680594444275,0.2248687744140625,-0.07016196846961975
0.15714672207832336,0.20388340950012207,-0.046736687421798706
0.16682694852352142,0.24730491638183594,-0.08047796785831451
0.2397109717130661,0.16090822219848633,0.07880274951457977
0.17764200270175934,0.21242094039916992,-0.034778937697410583
0.1611488163471222,0.20638465881347656,-0.04523584246635437
0.17989905178546906,0.20599079132080078,-0.026091739535331726
0.15590563416481018,0.24768924713134766,-0.09178361296653748
0.09020553529262543,0.28063058853149414,-0.1904250532388687
0.13183218240737915,0.17589426040649414,-0.04406207799911499
0.09515328705310822,0.2294905185699463,-0.13433723151683807
0.14726927876472473,0.2374560832977295,-0.09018680453300476
0.09749393910169601,0.3014202117919922,-0.20392627269029617
0.1148206815123558,0.21550226211547852,-0.10068158060312271
0.1824207901954651,0.21076202392578125,-0.028341233730316162
0.1017833799123764,0.24925899505615234,-0.14747561514377594
0.16125746071338654,0.15887761116027832,0.0023798495531082153
0.11499831825494766,0.21666908264160156,-0.1016707643866539
0.20614881813526154,0.20888376235961914,-0.002734944224357605
0.1099199503660202,0.27008819580078125,-0.16016824543476105
0.10688067972660065,0.20000600814819336,-0.09312532842159271
0.1147385686635971,0.17244172096252441,-0.05770315229892731
0.08851077407598495,0.11049079895019531,-0.021980024874210358
0.09709489345550537,0.19817256927490234,-0.10107767581939697
0.5489311218261719,0.3177318572998047,0.2311992645263672
0.221977099776268,0.2306962013244629,-0.008719101548194885
0.14946100115776062,0.24672460556030273,-0.09726360440254211
0.21852360665798187,0.33243370056152344,-0.11391009390354156
0.32433342933654785,0.2565157413482666,0.06781768798828125
0.42344218492507935,0.2802591323852539,0.14318305253982544
0.061728499829769135,0.1875138282775879,-0.12578532844781876
0.12373477220535278,0.36470985412597656,-0.24097508192062378
0.12593740224838257,0.25871896743774414,-0.13278156518936157
0.10866989195346832,0.23959088325500488,-0.13092099130153656
0.2499290406703949,0.2723698616027832,-0.022440820932388306
0.18749652802944183,0.19788169860839844,-0.010385170578956604
0.1704723984003067,0.2414851188659668,-0.0710127204656601
0.15895943343639374,0.2238907814025879,-0.06493134796619415
0.23450802266597748,0.20544099807739258,0.0290670245885849
0.3995894193649292,0.21759700775146484,0.18199241161346436
0.22275252640247345,0.17956948280334473,0.04318304359912872
0.2802372872829437,0.23844480514526367,0.041792482137680054
0.27000218629837036,0.2308330535888672,0.039169132709503174
0.4447095990180969,0.31549763679504395,0.12921196222305298
0.08868774771690369,0.26138830184936523,-0.17270055413246155
0.12349225580692291,0.21649646759033203,-0.09300421178340912
0.2886072099208832,0.27429699897766113,0.014310210943222046
0.13601054251194,0.19492053985595703,-0.05890999734401703
0.5320315361022949,0.20233964920043945,0.32969188690185547
0.373163104057312,0.3952045440673828,-0.0220414400100708
0.07608368247747421,0.23308277130126953,-0.15699908882379532
0.5024077296257019,0.21253466606140137,0.28987306356430054
0.40310782194137573,0.30652523040771484,0.09658259153366089
0.5198454260826111,0.2962770462036133,0.2235683798789978
0.05506183207035065,0.20003986358642578,-0.14497803151607513
0.1811537891626358,0.0827643871307373,0.0983894020318985
0.12970437109470367,0.30042600631713867,-0.170721635222435
0.27453938126564026,0.3073115348815918,-0.03277215361595154
0.2916061580181122,0.23340511322021484,0.05820104479789734
0.41072317957878113,0.30260515213012695,0.10811802744865417
0.5412299633026123,0.26677513122558594,0.27445483207702637
0.48865944147109985,0.2674851417541504,0.22117429971694946
0.43053728342056274,0.29827117919921875,0.132266104221344
0.3610492944717407,0.32204294204711914,0.03900635242462158
0.20109109580516815,0.1990981101989746,0.0019929856061935425
0.02992076799273491,0.15543556213378906,-0.12551479414105415
0.07678597420454025,0.19266080856323242,-0.11587483435869217
0.2159186750650406,0.26067662239074707,-0.04475794732570648
0.12937521934509277,0.20662426948547363,-0.07724905014038086
0.19170542061328888,0.23187255859375,-0.04016713798046112
0.2878204584121704,0.25205421447753906,0.03576624393463135
0.05151733383536339,0.30818891525268555,-0.25667158141732216
0.11188305914402008,0.21440839767456055,-0.10252533853054047
0.3402216136455536,0.3458733558654785,-0.005651742219924927
0.6363605856895447,0.2502603530883789,0.38610023260116577
0.30147773027420044,0.4149482250213623,-0.11347049474716187
0.20549330115318298,0.19711017608642578,0.008383125066757202
0.6467472314834595,0.23606610298156738,0.4106811285018921
0.24631574749946594,0.22006750106811523,0.026248246431350708
0.19862809777259827,0.291900634765625,-0.09327253699302673
0.24859152734279633,0.2647440433502197,-0.0161525160074234
0.1379144936800003,0.19515037536621094,-0.05723588168621063
0.20307950675487518,0.3597757816314697,-0.15669627487659454
0.2370920479297638,0.2266683578491211,0.0104236900806427
0.2999730110168457,0.2999410629272461,3.1948089599609375e-05
0.5104305744171143,0.2523207664489746,0.25810980796813965
0.31638672947883606,0.292067289352417,0.024319440126419067
0.7322927713394165,0.3316178321838379,0.4006749391555786
0.16640979051589966,0.18350505828857422,-0.01709526777267456
0.08042538166046143,0.329270601272583,-0.24884521961212158
0.11653300374746323,0.2882802486419678,-0.17174724489450455
0.7093752026557922,0.260775089263916,0.4486001133918762
0.0487273633480072,0.20965075492858887,-0.16092339158058167
0.4363919496536255,0.23640227317810059,0.1999896764755249
0.5380921363830566,0.3111283779144287,0.22696375846862793
0.46297502517700195,0.24950885772705078,0.21346616744995117
0.3986563980579376,0.24306964874267578,0.15558674931526184
0.48825931549072266,0.2451012134552002,0.24315810203552246
0.15777865052223206,0.2544093132019043,-0.09663066267967224
0.3869823217391968,0.20700621604919434,0.17997610569000244
0.2015613168478012,0.22484040260314941,-0.023279085755348206
0.12035223096609116,0.22009754180908203,-0.09974531084299088
0.5846961140632629,0.33183956146240234,0.2528565526008606
0.19094480574131012,0.21590518951416016,-0.024960383772850037
0.2981966435909271,0.28911542892456055,0.009081214666366577
0.11838775873184204,0.2961592674255371,-0.17777150869369507
0.39223310351371765,0.26599979400634766,0.12623330950737
0.20522162318229675,0.20113325119018555,0.004088371992111206
0.38096874952316284,0.24570512771606445,0.1352636218070984
0.2912299633026123,0.2231588363647461,0.06807112693786621
0.20033873617649078,0.25298285484313965,-0.052644118666648865
0.14101576805114746,0.2558860778808594,-0.11487030982971191
0.180788055062294,0.38066959381103516,-0.19988153874874115
0.24798546731472015,0.25853681564331055,-0.010551348328590393
0.20078806579113007,0.2513113021850586,-0.05052323639392853
0.2847379148006439,0.2791109085083008,0.00562700629234314
0.14463341236114502,0.1931617259979248,-0.048528313636779785
0.2949259877204895,0.2456512451171875,0.049274742603302
0.23096570372581482,0.20695805549621582,0.024007648229599
0.15953196585178375,0.25655078887939453,-0.09701882302761078
0.08208159357309341,0.24339580535888672,-0.1613142117857933
0.18015065789222717,0.2315082550048828,-0.05135759711265564
0.1943930834531784,0.25074338912963867,-0.056350305676460266
0.19604407250881195,0.24750375747680664,-0.05145968496799469
0.0031287092715501785,0.24223065376281738,-0.2391019444912672
0.14381836354732513,0.3051729202270508,-0.16135455667972565
0.4526301920413971,0.21689987182617188,0.23573032021522522
0.4598454535007477,0.25873827934265137,0.2011071741580963
0.5421987175941467,0.26113414764404297,0.28106456995010376
0.19393113255500793,0.2737443447113037,-0.07981321215629578
0.05709945037961006,0.17151355743408203,-0.11441410705447197
0.0629328042268753,0.20720458030700684,-0.14427177608013153
0.26662948727607727,0.20141267776489258,0.06521680951118469
0.12483980506658554,0.19048476219177246,-0.06564495712518692
0.16499832272529602,0.22325420379638672,-0.0582558810710907
0.09263500571250916,0.28621506690979004,-0.19358006119728088
0.11961276829242706,0.2302546501159668,-0.11064188182353973
0.1799304038286209,0.23324036598205566,-0.05330996215343475
0.12048421800136566,0.1906275749206543,-0.07014335691928864
0.1486044079065323,0.16480779647827148,-0.016203388571739197
0.08962559700012207,0.2927675247192383,-0.2031419277191162
0.07418672740459442,0.18131208419799805,-0.10712535679340363
0.2335667610168457,0.3024616241455078,-0.06889486312866211
0.18669740855693817,0.1949310302734375,-0.008233621716499329
0.27797460556030273,0.25918078422546387,0.018793821334838867
0.10531525313854218,0.1962122917175293,-0.09089703857898712
0.15461169183254242,0.1955108642578125,-0.04089917242527008
0.16747303307056427,0.23257803916931152,-0.06510500609874725
0.14351274073123932,0.24285101890563965,-0.09933827817440033
0.12495997548103333,0.24880218505859375,-0.12384220957756042
0.14426687359809875,0.24052786827087402,-0.09626099467277527
0.12294848263263702,0.2579805850982666,-0.13503210246562958
0.09972486644983292,0.22070026397705078,-0.12097539752721786
0.13827940821647644,0.29703283309936523,-0.1587534248828888
0.15637870132923126,0.2472085952758789,-0.09082989394664764
0.1854267418384552,0.3292059898376465,-0.14377924799919128
0.18719090521335602,0.2379446029663086,-0.050753697752952576
0.15525540709495544,0.18813610076904297,-0.032880693674087524
0.1739492416381836,0.1820993423461914,-0.008150100708007812
0.13682694733142853,0.22792363166809082,-0.09109668433666229
0.13299550116062164,0.2308964729309082,-0.09790097177028656
0.13731807470321655,0.19702720642089844,-0.059709131717681885
0.159273162484169,0.2104358673095703,-0.051162704825401306
0.13906417787075043,0.23246049880981445,-0.09339632093906403
0.17800772190093994,0.36696958541870117,-0.18896186351776123
0.2539463937282562,0.17235994338989258,0.08158645033836365
0.18586906790733337,0.23650503158569336,-0.050635963678359985
0.21736854314804077,0.19507765769958496,0.02229088544845581
0.16514568030834198,0.24942827224731445,-0.08428259193897247
0.12073606997728348,0.2775149345397949,-0.15677886456251144
0.26807042956352234,0.3979623317718506,-0.12989190220832825
0.1521780788898468,0.22101736068725586,-0.06883928179740906
0.23765245079994202,0.17374515533447266,0.06390729546546936
0.22494715452194214,0.32730579376220703,-0.10235863924026489
0.10930344462394714,0.2158498764038086,-0.10654643177986145
0.11504118889570236,0.3309335708618164,-0.21589238196611404
0.11170678585767746,0.20050334930419922,-0.08879656344652176
0.1486242413520813,0.29935789108276367,-0.15073364973068237
0.1611512005329132,0.21847033500671387,-0.05731913447380066
0.22442467510700226,0.28170204162597656,-0.057277366518974304
0.12401193380355835,0.29088878631591797,-0.16687685251235962
0.16731807589530945,0.28339672088623047,-0.11607864499092102
0.13702549040317535,0.267667293548584,-0.13064180314540863
0.10826896131038666,0.194169282913208,-0.08590032160282135
0.1703180968761444,0.36580371856689453,-0.19548562169075012
0.13192622363567352,0.12693119049072266,0.004995033144950867
0.20973186194896698,0.21796417236328125,-0.00823231041431427
0.1712992638349533,0.21371793746948242,-0.042418673634529114
0.16103103756904602,0.24195170402526855,-0.08092066645622253
0.17965872585773468,0.2743830680847168,-0.09472434222698212
0.2242470383644104,0.2582054138183594,-0.033958375453948975
0.179282546043396,0.18964123725891113,-0.010358691215515137
0.09411358088254929,0.2407536506652832,-0.14664006978273392
0.1252804547548294,0.2598896026611328,-0.1346091479063034
0.11709863692522049,0.24480152130126953,-0.12770288437604904
0.14480085670948029,0.15628504753112793,-0.011484190821647644
0.0826558992266655,0.27986693382263184,-0.19721103459596634
0.12332465499639511,0.2231159210205078,-0.0997912660241127
0.11327241361141205,0.2285594940185547,-0.11528708040714264
0.0954928919672966,0.311936616897583,-0.2164437249302864
0.23546676337718964,0.2079639434814453,0.027502819895744324
0.3743434548377991,0.29886960983276367,0.0754738450050354
0.10131316632032394,0.30519843101501465,-0.2038852646946907
0.07926835119724274,0.24019813537597656,-0.16092978417873383
0.11481171101331711,0.2002108097076416,-0.0853990986943245
0.18327566981315613,0.22214555740356445,-0.038869887590408325
0.10001547634601593,0.1433107852935791,-0.04329530894756317
0.07578349858522415,0.16276788711547852,-0.08698438853025436
0.08331223577260971,0.17968392372131348,-0.09637168794870377
0.10091934353113174,0.2701609134674072,-0.16924156993627548
0.17391307651996613,0.2184462547302246,-0.044533178210258484
0.11859959363937378,0.3012995719909668,-0.18269997835159302
0.12974901497364044,0.2124347686767578,-0.08268575370311737
0.16265392303466797,0.3104734420776367,-0.14781951904296875
0.1709611415863037,0.24976468086242676,-0.07880353927612305
0.07379812747240067,0.319303035736084,-0.24550490826368332
0.09394442290067673,0.19263935089111328,-0.09869492799043655
0.14085665345191956,0.2791562080383301,-0.13829955458641052
0.1474919617176056,0.2590622901916504,-0.1115703284740448
0.1563686579465866,0.22046446800231934,-0.06409581005573273
0.21959750354290009,0.24301671981811523,-0.02341921627521515
0.08583574742078781,0.26471805572509766,-0.17888230830430984
0.10072603076696396,0.25309276580810547,-0.1523667350411415
0.0993414968252182,0.2912006378173828,-0.1918591409921646
0.1656581163406372,0.21990585327148438,-0.05424773693084717
0.255130410194397,0.2633509635925293,-0.008220553398132324
0.13571035861968994,0.27333831787109375,-0.1376279592514038
0.1237093135714531,0.29758715629577637,-0.17387784272432327
0.12398621439933777,0.22000765800476074,-0.09602144360542297
0.19099770486354828,0.2193756103515625,-0.02837790548801422
0.2888137996196747,0.21189594268798828,0.0769178569316864
0.0554804690182209,0.19579648971557617,-0.14031602069735527
0.14559541642665863,0.25968146324157715,-0.11408604681491852
0.07874588668346405,0.1429154872894287,-0.06416960060596466
0.09074170142412186,0.22935009002685547,-0.1386083886027336
0.4553378224372864,0.2615227699279785,0.19381505250930786
0.47902393341064453,0.31010866165161133,0.1689152717590332
0.29454854130744934,0.32985782623291016,-0.035309284925460815
0.3562700152397156,0.2559177875518799,0.1003522276878357
0.5603495836257935,0.1966266632080078,0.36372292041778564
0.20864376425743103,0.26741743087768555,-0.05877366662025452
0.045354414731264114,0.19906234741210938,-0.15370793268084526
0.0015717605128884315,0.21685194969177246,-0.21528018917888403
0.3019479215145111,0.24861526489257812,0.05333265662193298
0.0702425166964531,0.18194961547851562,-0.11170709878206253
0.5447797179222107,0.3168480396270752,0.2279316782951355
0.17524991929531097,0.3039062023162842,-0.1286562830209732
0.21442443132400513,0.23675131797790527,-0.022326886653900146
0.29071491956710815,0.23935937881469727,0.05135554075241089
0.1627190113067627,0.3209357261657715,-0.1582167148590088
0.25501784682273865,0.26564955711364746,-0.010631710290908813
0.37594783306121826,0.30458784103393555,0.07135999202728271
0.17763541638851166,0.1910243034362793,-0.01338888704776764
0.18073581159114838,0.3840193748474121,-0.20328356325626373
0.3073585033416748,0.26320934295654297,0.044149160385131836
0.3675518035888672,0.2294778823852539,0.13807392120361328
0.2667890191078186,0.262298583984375,0.0044904351234436035
0.04360197111964226,0.2630481719970703,-0.21944620087742805
0.16026341915130615,0.2226262092590332,-0.06236279010772705
0.18167929351329803,0.3017899990081787,-0.12011070549488068
0.10188306123018265,0.24582362174987793,-0.14394056051969528
0.1720106303691864,0.23359298706054688,-0.061582356691360474
0.5593177676200867,0.32688045501708984,0.23243731260299683
0.2631213068962097,0.2255840301513672,0.03753727674484253
0.061470311135053635,0.19391465187072754,-0.1324443407356739
0.1638161838054657,0.18592548370361328,-0.022109299898147583
0.412261426448822,0.22553110122680664,0.18673032522201538
0.04782872274518013,0.19487953186035156,-0.14705080911517143
0.19786225259304047,0.2503657341003418,-0.05250348150730133
0.43004921078681946,0.25688600540161133,0.17316320538520813
0.019077416509389877,0.23928093910217285,-0.22020352259278297
0.0667315423488617,0.3905329704284668,-0.3238014280796051
0.7622718811035156,0.36256957054138184,0.3997023105621338
0.27073362469673157,0.2404928207397461,0.030240803956985474
0.0971233919262886,0.23470783233642578,-0.13758444041013718
0.15055817365646362,0.28417515754699707,-0.13361698389053345
0.21562914550304413,0.32346463203430176,-0.10783548653125763
0.2614254653453827,0.22420406341552734,0.03722140192985535
0.3468673825263977,0.2890338897705078,0.05783349275588989
0.38596048951148987,0.26346850395202637,0.1224919855594635
0.4716740846633911,0.1941967010498047,0.2774773836135864
0.9352185726165771,0.2559194564819336,0.6792991161346436
0.4045393764972687,0.18016862869262695,0.22437074780464172
0.13018503785133362,0.2125856876373291,-0.08240064978599548
0.35613593459129333,0.3156623840332031,0.04047355055809021
0.39592695236206055,0.3101639747619629,0.08576297760009766
0.20717564225196838,0.32623720169067383,-0.11906155943870544
0.15996256470680237,0.16993474960327148,-0.009972184896469116
0.16941919922828674,0.25342845916748047,-0.08400925993919373
0.008018990978598595,0.2768995761871338,-0.2688805852085352
0.4822300672531128,0.2975425720214844,0.18468749523162842
0.483852744102478,0.23989176750183105,0.24396097660064697
0.2959687411785126,0.18135499954223633,0.11461374163627625
0.10934910178184509,0.2994718551635742,-0.19012275338172913
0.06534178555011749,0.2197260856628418,-0.1543843001127243
0.23502308130264282,0.29251813888549805,-0.057495057582855225
0.01932515576481819,0.26656103134155273,-0.24723587557673454
0.1017702966928482,0.32215094566345215,-0.22038064897060394
0.3639833629131317,0.2725081443786621,0.0914752185344696
0.47429904341697693,0.20052123069763184,0.2737778127193451
0.5450200438499451,0.31033802032470703,0.23468202352523804
0.03008795715868473,0.28098440170288086,-0.25089644454419613
0.48480886220932007,0.2245793342590332,0.26022952795028687
0.15207332372665405,0.3809828758239746,-0.22890955209732056
0.3553648591041565,0.25015783309936523,0.10520702600479126
0.3203074038028717,0.3201637268066406,0.0001436769962310791
0.41680991649627686,0.30041074752807617,0.11639916896820068
0.06946404278278351,0.2608051300048828,-0.1913410872220993
0.05941179394721985,0.24902033805847168,-0.18960854411125183
0.03542537987232208,0.18965625762939453,-0.15423087775707245
0.7045372128486633,0.28029322624206543,0.4242439866065979
0.19594784080982208,0.21951913833618164,-0.023571297526359558
0.06349225342273712,0.19185328483581543,-0.1283610314130783
0.5224682092666626,0.2603144645690918,0.2621537446975708
0.023557132109999657,0.20942306518554688,-0.18586593307554722
0.0845811665058136,0.23867082595825195,-0.15408965945243835
0.28662705421447754,0.3326570987701416,-0.04603004455566406
0.3226584792137146,0.31099462509155273,0.011663854122161865
0.5007336139678955,0.24717092514038086,0.25356268882751465
0.28451627492904663,0.22322797775268555,0.061288297176361084
0.6898715496063232,0.23630285263061523,0.453568696975708
0.14065003395080566,0.25846433639526367,-0.11781430244445801
0.4442676901817322,0.16808652877807617,0.276181161403656
0.6706082224845886,0.26831865310668945,0.40228956937789917
0.22120603919029236,0.32985639572143555,-0.10865035653114319
0.09903562068939209,0.21129393577575684,-0.11225831508636475
0.32004398107528687,0.22045564651489258,0.09958833456039429
0.17649643123149872,0.2698493003845215,-0.09335286915302277
0.03756226599216461,0.13237929344177246,-0.09481702744960785
0.4988579750061035,0.28405189514160156,0.21480607986450195
0.19980886578559875,0.23128080368041992,-0.03147193789482117
0.23524992167949677,0.3203449249267578,-0.08509500324726105
0.3541004955768585,0.30426645278930664,0.04983404278755188
0.08663967996835709,0.27936363220214844,-0.19272395223379135
0.27349749207496643,0.2564694881439209,0.017028003931045532
0.10443487763404846,0.3099827766418457,-0.20554789900779724
0.18286007642745972,0.2958812713623047,-0.11302119493484497
0.1236124187707901,0.22445058822631836,-0.10083816945552826
0.5253021717071533,0.20969438552856445,0.31560778617858887
0.24610675871372223,0.25197315216064453,-0.005866393446922302
0.17725619673728943,0.23318171501159668,-0.05592551827430725
0.5362843871116638,0.23462557792663574,0.3016588091850281
0.23456330597400665,0.2396702766418457,-0.00510697066783905
0.18458116054534912,0.2668156623840332,-0.08223450183868408
0.11136277765035629,0.24226880073547363,-0.13090602308511734
0.3748036324977875,0.2893204689025879,0.08548316359519958
0.18030521273612976,0.2270364761352539,-0.046731263399124146
0.10090604424476624,0.2842421531677246,-0.18333610892295837
0.17232410609722137,0.31351661682128906,-0.1411925107240677
0.3023376166820526,0.2659783363342285,0.0363592803478241
0.15699495375156403,0.23011112213134766,-0.07311616837978363
0.4479018747806549,0.27268314361572266,0.17521873116493225
0.2419927716255188,0.27356672286987305,-0.03157395124435425
0.2604723870754242,0.3138861656188965,-0.05341377854347229
0.15606801211833954,0.3360402584075928,-0.17997224628925323
0.13666363060474396,0.35094165802001953,-0.21427802741527557
0.0037765672896057367,0.15358400344848633,-0.1498074361588806
0.06606496870517731,0.2399747371673584,-0.1739097684621811
0.46335119009017944,0.2632603645324707,0.20009082555770874
0.29718607664108276,0.3384084701538086,-0.04122239351272583
0.2430063635110855,0.228729248046875,0.01427711546421051
0.11723833531141281,0.20170044898986816,-0.08446211367845535
0.0816897451877594,0.25086545944213867,-0.16917571425437927
0.42353928089141846,0.26091432571411133,0.16262495517730713
0.23657479882240295,0.2556605339050293,-0.019085735082626343
0.07471700757741928,0.2245635986328125,-0.14984659105539322
0.2356678992509842,0.28749895095825195,-0.05183105170726776
0.34610676765441895,0.22934389114379883,0.11676287651062012
0.6561620831489563,0.30465221405029297,0.35150986909866333
0.3209112584590912,0.31641626358032227,0.004494994878768921
0.08756966888904572,0.2748279571533203,-0.1872582882642746
0.24692486226558685,0.34880733489990234,-0.10188247263431549
0.25266677141189575,0.33272600173950195,-0.0800592303276062
0.432888388633728,0.2493300437927246,0.18355834484100342
0.2710680067539215,0.2364649772644043,0.03460302948951721
0.06572841107845306,0.2763185501098633,-0.21059013903141022
0.4755529463291168,0.25087928771972656,0.22467365860939026
0.2516762614250183,0.24495458602905273,0.006721675395965576
0.4684138894081116,0.35059666633605957,0.117817223072052
0.41646507382392883,0.26852893829345703,0.1479361355304718
0.3101506531238556,0.29003190994262695,0.020118743181228638
0.451663613319397,0.25088024139404297,0.200783371925354
0.15205243229866028,0.27558255195617676,-0.12353011965751648
0.4704880714416504,0.20642399787902832,0.26406407356262207
0.1211620569229126,0.1421370506286621,-0.02097499370574951
0.3226689398288727,0.3193655014038086,0.003303438425064087
0.01642024517059326,0.22012710571289062,-0.20370686054229736
0.06009100005030632,0.2314319610595703,-0.171340961009264
0.15641283988952637,0.2519824504852295,-0.09556961059570312
0.4781861901283264,0.1828470230102539,0.2953391671180725
0.5764620304107666,0.3117704391479492,0.2646915912628174
0.15626350045204163,0.25289344787597656,-0.09662994742393494
0.164476677775383,0.2838156223297119,-0.11933894455432892
0.24693530797958374,0.3002810478210449,-0.05334573984146118
0.190744087100029,0.2521548271179199,-0.06141074001789093
0.6244766712188721,0.23347139358520508,0.391005277633667
0.18887364864349365,0.2665064334869385,-0.07763278484344482
0.07060302048921585,0.29314708709716797,-0.22254406660795212
0.2414359152317047,0.25315093994140625,-0.011715024709701538
0.42635753750801086,0.29062843322753906,0.1357291042804718
0.10688001662492752,0.23423194885253906,-0.12735193222761154
0.6470263004302979,0.2991604804992676,0.3478658199310303
0.46955808997154236,0.28455400466918945,0.1850040853023529
0.4407358169555664,0.3175930976867676,0.12314271926879883
0.2979854643344879,0.3864016532897949,-0.088416188955307
0.2771129310131073,0.2828993797302246,-0.00578644871711731
0.17514324188232422,0.27476000785827637,-0.09961676597595215
0.20911921560764313,0.24103307723999023,-0.03191386163234711
0.3521233797073364,0.2782316207885742,0.07389175891876221
0.5149028897285461,0.17979764938354492,0.3351052403450012
0.6510388255119324,0.2495560646057129,0.4014827609062195
0.12126132100820541,0.2240920066833496,-0.1028306856751442
0.3062008023262024,0.2633676528930664,0.042833149433135986
0.011195585131645203,0.15924787521362305,-0.14805229008197784
0.41178378462791443,0.36528730392456055,0.04649648070335388
0.25776079297065735,0.22767305374145508,0.03008773922920227
0.5425935983657837,0.31662702560424805,0.22596657276153564
0.18477752804756165,0.31333208084106445,-0.1285545527935028
0.01862809620797634,0.22437620162963867,-0.20574810542166233
0.3624682128429413,0.20456361770629883,0.15790459513664246
0.46752047538757324,0.22622942924499512,0.24129104614257812
0.29836687445640564,0.24700188636779785,0.05136498808860779
0.2734944224357605,0.3171532154083252,-0.0436587929725647
0.3783773183822632,0.25444793701171875,0.12392938137054443
0.2224995642900467,0.3086965084075928,-0.08619694411754608
0.1464441865682602,0.20345211029052734,-0.05700792372226715
0.3302268385887146,0.2543449401855469,0.07588189840316772
0.27081939578056335,0.23960137367248535,0.031218022108078003
0.08015891909599304,0.29996728897094727,-0.21980836987495422
0.016162056475877762,0.21453189849853516,-0.1983698420226574
0.08698755502700806,0.22070598602294922,-0.13371843099594116
0.15821753442287445,0.4090251922607422,-0.25080765783786774
0.19651733338832855,0.25305604934692383,-0.056538715958595276
0.11892589926719666,0.25234556198120117,-0.13341966271400452
0.0050722830928862095,0.18314027786254883,-0.17806799476966262
0.12355712801218033,0.21304583549499512,-0.08948870748281479
0.16905348002910614,0.23421001434326172,-0.06515653431415558
0.4258328974246979,0.29944658279418945,0.12638631463050842
0.4223763644695282,0.3116917610168457,0.1106846034526825
0.4637870192527771,0.24416303634643555,0.21962398290634155
0.23180468380451202,0.2910172939300537,-0.05921261012554169
0.12827281653881073,0.3044147491455078,-0.17614193260669708
0.46427595615386963,0.37674927711486816,0.08752667903900146
0.06740029901266098,0.2965998649597168,-0.22919956594705582
0.37296977639198303,0.216170072555542,0.15679970383644104
0.10203979909420013,0.2195441722869873,-0.11750437319278717
0.28217563033103943,0.3179802894592285,-0.03580465912818909
0.10939612239599228,0.25449252128601074,-0.14509639889001846
0.4804723858833313,0.2802309989929199,0.20024138689041138
0.14833247661590576,0.2482149600982666,-0.09988248348236084
0.01650688424706459,0.36110591888427734,-0.34459903463721275
0.23963645100593567,0.24769973754882812,-0.008063286542892456
0.2324107438325882,0.2868785858154297,-0.05446784198284149
0.1857336312532425,0.2389817237854004,-0.0532480925321579
0.31450802087783813,0.21056628227233887,0.10394173860549927
0.12380791455507278,0.2609086036682129,-0.1371006891131401
0.11898337304592133,0.28949618339538574,-0.17051281034946442
0.17952673137187958,0.2503995895385742,-0.07087285816669464
0.1955350935459137,0.256868839263916,-0.06133374571800232
0.42541491985321045,0.22780275344848633,0.19761216640472412
0.03450801968574524,0.27045464515686035,-0.2359466254711151
0.8741840720176697,0.2959127426147461,0.5782713294029236
0.09231366217136383,0.2354438304901123,-0.14313016831874847
0.18965953588485718,0.2378230094909668,-0.04816347360610962
0.20256444811820984,0.30806398391723633,-0.10549953579902649
0.23405128717422485,0.2758200168609619,-0.04176872968673706
0.39496779441833496,0.25776195526123047,0.1372058391571045
0.3626166880130768,0.27105021476745605,0.09156647324562073
0.03141501918435097,0.21246099472045898,-0.18104597553610802
0.10575149208307266,0.22687959671020508,-0.12112810462713242
0.3191714584827423,0.2583460807800293,0.06082537770271301
0.21091344952583313,0.14804553985595703,0.0628679096698761
0.46771901845932007,0.22493696212768555,0.24278205633163452
0.2836594581604004,0.19774699211120605,0.08591246604919434
0.01005660928785801,0.19535470008850098,-0.18529809080064297
0.05448712036013603,0.2857840061187744,-0.23129688575863838
0.4421360194683075,0.26538801193237305,0.17674800753593445
0.0030033173970878124,0.2512931823730469,-0.24828986497595906
0.1887608915567398,0.2904024124145508,-0.10164152085781097
0.5017681121826172,0.1641523838043213,0.3376157283782959
0.12327499687671661,0.22337865829467773,-0.10010366141796112
0.1684609055519104,0.27080559730529785,-0.10234469175338745
0.15589037537574768,0.21914005279541016,-0.06324967741966248
0.20684649050235748,0.24576067924499512,-0.038914188742637634
0.05576498061418533,0.1661078929901123,-0.11034291237592697
0.2658851444721222,0.24043989181518555,0.025445252656936646
0.04878179356455803,0.24561309814453125,-0.19683130457997322
0.30338254570961,0.2915072441101074,0.011875301599502563
0.11495734006166458,0.22810983657836914,-0.11315249651670456
0.18194052577018738,0.2090778350830078,-0.027137309312820435
0.24098441004753113,0.21234607696533203,0.028638333082199097
0.23472528159618378,0.2818746566772461,-0.04714937508106232
0.10178378969430923,0.2643699645996094,-0.16258617490530014
0.4911777377128601,0.2501637935638428,0.24101394414901733
0.2964620292186737,0.1905531883239746,0.1059088408946991
0.527611494064331,0.3652958869934082,0.16231560707092285
0.34537312388420105,0.28434133529663086,0.06103178858757019
0.022658489644527435,0.23582673072814941,-0.21316824108362198
0.05108064413070679,0.2448108196258545,-0.1937301754951477
0.14615900814533234,0.11881756782531738,0.027341440320014954
0.1325727105140686,0.2517731189727783,-0.11920040845870972
0.1889520287513733,0.21204137802124023,-0.023089349269866943
0.07238680869340897,0.23798656463623047,-0.1655997559428215
0.433575838804245,0.3918337821960449,0.04174205660820007
0.30056121945381165,0.22250699996948242,0.07805421948432922
0.4520210921764374,0.3644537925720215,0.0875672996044159
0.06542538106441498,0.2066783905029297,-0.1412530094385147
0.28962600231170654,0.2235267162322998,0.06609928607940674
0.05786225199699402,0.2039506435394287,-0.1460883915424347
0.10533656179904938,0.2226271629333496,-0.11729060113430023
0.4291766881942749,0.32568883895874023,0.10348784923553467
0.6232362389564514,0.3903827667236328,0.2328534722328186
0.2725048065185547,0.2830533981323242,-0.010548591613769531
0.12825192511081696,0.17273235321044922,-0.04448042809963226
0.11679641902446747,0.0904693603515625,0.026327058672904968
0.08268243074417114,0.27286815643310547,-0.19018572568893433
0.5463052988052368,0.2709369659423828,0.275368332862854
0.06541711091995239,0.15926671028137207,-0.09384959936141968
0.2468099147081375,0.23701810836791992,0.00979180634021759
0.21026559174060822,0.29118919372558594,-0.08092360198497772
0.4198611080646515,0.22615909576416016,0.19370201230049133
0.042083777487277985,0.21740484237670898,-0.175321064889431
0.3896207809448242,0.22576284408569336,0.16385793685913086
0.10477970540523529,0.2604656219482422,-0.1556859165430069
0.027875743806362152,0.2231919765472412,-0.19531623274087906
0.27896246314048767,0.27866363525390625,0.0002988278865814209
0.09054772555828094,0.1829664707183838,-0.09241874516010284
0.033257145434617996,0.13874530792236328,-0.10548816248774529
0.19157175719738007,0.3473362922668457,-0.15576453506946564
0.2772144079208374,0.2696042060852051,0.007610201835632324
0.11042233556509018,0.25882911682128906,-0.14840678125619888
0.03843696415424347,0.149322509765625,-0.11088554561138153
0.2219897359609604,0.22344636917114258,-0.00145663321018219
0.16992904245853424,0.23372459411621094,-0.0637955516576767
0.39951324462890625,0.22753381729125977,0.17197942733764648
0.38767415285110474,0.2505655288696289,0.13710862398147583
0.3328883647918701,0.25385284423828125,0.07903552055358887
0.28909528255462646,0.3581273555755615,-0.06903207302093506
0.46966999769210815,0.34476137161254883,0.12490862607955933
0.5446521043777466,0.3100419044494629,0.2346101999282837
0.21947143971920013,0.19870758056640625,0.020763859152793884
0.2955006957054138,0.18349528312683105,0.11200541257858276
0.28062912821769714,0.2398219108581543,0.04080721735954285
0.02747344598174095,0.20658540725708008,-0.17911196127533913
0.22787052392959595,0.26494598388671875,-0.0370754599571228
0.24716518819332123,0.27244138717651367,-0.025276198983192444
0.3086041510105133,0.3448481559753418,-0.03624400496482849
0.19889673590660095,0.2216641902923584,-0.022767454385757446
0.31119558215141296,0.36373329162597656,-0.0525377094745636
0.23545891046524048,0.30081796646118164,-0.06535905599594116
0.4182780385017395,0.28365063667297363,0.13462740182876587
0.3534630835056305,0.2974052429199219,0.05605784058570862
0.5484243631362915,0.25832390785217285,0.29010045528411865
0.2215747982263565,0.24709701538085938,-0.02552221715450287
0.010182000696659088,0.15930438041687012,-0.14912237972021103
0.11800853908061981,0.23662304878234863,-0.11861450970172882
0.13453936576843262,0.23984479904174805,-0.10530543327331543
0.1836407333612442,0.23098134994506836,-0.04734061658382416
0.23151732981204987,0.20182466506958008,0.029692664742469788
0.29802945256233215,0.3280048370361328,-0.02997538447380066
0.21805338561534882,0.22511506080627441,-0.007061675190925598
0.14936695992946625,0.32154321670532227,-0.17217625677585602
0.5152185559272766,0.2592334747314453,0.2559850811958313
0.28014326095581055,0.20277070999145508,0.07737255096435547
0.1112874448299408,0.2099289894104004,-0.0986415445804596
0.23190395534038544,0.35141563415527344,-0.119511678814888
0.11414533853530884,0.19689416885375977,-0.08274883031845093
0.46349748969078064,0.2960071563720703,0.16749033331871033
0.274090051651001,0.32076072692871094,-0.04667067527770996
0.5442394018173218,0.26240015029907227,0.2818392515182495
0.26964908838272095,0.31847476959228516,-0.04882568120956421
0.4136542081832886,0.31930971145629883,0.09434449672698975
0.18502308428287506,0.36298704147338867,-0.1779639571905136
0.3155612051486969,0.2875833511352539,0.027977854013442993
0.29482975602149963,0.35026001930236816,-0.05543026328086853
0.09330634772777557,0.26470184326171875,-0.17139549553394318
0.4906552731990814,0.3850572109222412,0.10559806227684021
0.07934605330228806,0.30498600006103516,-0.2256399467587471
0.4035780429840088,0.21759343147277832,0.18598461151123047
0.418042927980423,0.23417258262634277,0.1838703453540802
0.4427211880683899,0.31616973876953125,0.12655144929885864
0.3781474232673645,0.25011110305786133,0.12803632020950317
0.3872174322605133,0.2934913635253906,0.09372606873512268
0.3081631064414978,0.3155045509338379,-0.007341444492340088
0.24855190515518188,0.21727323532104492,0.03127866983413696
0.19917145371437073,0.20685195922851562,-0.0076805055141448975
0.4880429208278656,0.2428605556488037,0.2451823651790619
0.08264585584402084,0.24579429626464844,-0.1631484404206276
0.3740983009338379,0.29055094718933105,0.08354735374450684
0.46205243468284607,0.29597043991088867,0.1660819947719574
0.04640239104628563,0.20715045928955078,-0.16074806824326515
0.09098660200834274,0.28119993209838867,-0.19021333009004593
0.36534395813941956,0.2758164405822754,0.08952751755714417
0.18549330532550812,0.23845338821411133,-0.05296008288860321
0.07113289088010788,0.24986600875854492,-0.17873311787843704
0.07307950407266617,0.26494646072387695,-0.19186695665121078
0.3018956780433655,0.28214120864868164,0.019754469394683838
0.5900805592536926,0.3587913513183594,0.23128920793533325
0.31346091628074646,0.20851850509643555,0.10494241118431091
0.21758316457271576,0.25408053398132324,-0.03649736940860748
0.1985727995634079,0.1820240020751953,0.016548797488212585
0.18994992971420288,0.2859194278717041,-0.09596949815750122
0.2869980037212372,0.30028867721557617,-0.01329067349433899
0.5145058631896973,0.34205055236816406,0.1724553108215332
0.7403700947761536,0.2568967342376709,0.48347336053848267
0.5994797348976135,0.2714836597442627,0.32799607515335083
0.35994166135787964,0.3389716148376465,0.020970046520233154
0.0818016454577446,0.33725738525390625,-0.25545573979616165
0.16786529123783112,0.32856321334838867,-0.16069792211055756
0.21601054072380066,0.2724738121032715,-0.056463271379470825
0.23031044006347656,0.27201223373413086,-0.0417017936706543
0.0033272465225309134,0.09190225601196289,-0.08857500948943198
0.5232123136520386,0.32035160064697266,0.20286071300506592
0.26645463705062866,0.21582460403442383,0.050630033016204834
0.34165316820144653,0.3221275806427002,0.019525587558746338
0.2728444039821625,0.2912411689758301,-0.018396764993667603
0.3201850354671478,0.2779805660247803,0.042204469442367554
0.28347134590148926,0.2697572708129883,0.013714075088500977
0.18411920964717865,0.23550724983215332,-0.05138804018497467
0.19145463407039642,0.2524440288543701,-0.060989394783973694
0.37400949001312256,0.40235185623168945,-0.028342366218566895
0.1600043624639511,0.3198225498199463,-0.15981818735599518
0.2835048735141754,0.30269622802734375,-0.019191354513168335
0.559521496295929,0.3103599548339844,0.24916154146194458
0.051059745252132416,0.21134710311889648,-0.16028735786676407
0.3391505479812622,0.3185877799987793,0.02056276798248291
0.022188270464539528,0.24155902862548828,-0.21937075816094875
0.15172849595546722,0.2641611099243164,-0.11243261396884918
0.6015278100967407,0.29002952575683594,0.3114982843399048
0.48495733737945557,0.2647669315338135,0.2201904058456421
0.07209422439336777,0.21727848052978516,-0.1451842561364174
0.18426768481731415,0.23969268798828125,-0.0554250031709671
0.2967337369918823,0.2435908317565918,0.05314290523529053
0.10369297116994858,0.19803810119628906,-0.09434513002634048
0.42921021580696106,0.3451399803161621,0.08407023549079895
0.22053509950637817,0.33612489700317383,-0.11558979749679565
0.26803144812583923,0.19812679290771484,0.06990465521812439
0.20869216322898865,0.26735973358154297,-0.05866757035255432
0.23071716725826263,0.3372817039489746,-0.10656453669071198
0.28709346055984497,0.33205461502075195,-0.04496115446090698
0.21186162531375885,0.31772518157958984,-0.105863556265831
0.41454219818115234,0.23800945281982422,0.17653274536132812
0.24617032706737518,0.2444920539855957,0.00167827308177948
0.15466946363449097,0.3147928714752197,-0.16012340784072876
0.24976859986782074,0.3217911720275879,-0.07202257215976715
0.17394565045833588,0.3035397529602051,-0.1295941025018692
0.12583935260772705,0.3325343132019043,-0.20669496059417725
0.1563796103000641,0.23747920989990234,-0.08109959959983826
0.19684654474258423,0.19086980819702148,0.005976736545562744
0.07893003523349762,0.25237584114074707,-0.17344580590724945
0.13818825781345367,0.1660926342010498,-0.02790437638759613
0.5155402421951294,0.17450428009033203,0.34103596210479736
0.08461976796388626,0.24373197555541992,-0.15911220759153366
0.167945995926857,0.2704150676727295,-0.1024690717458725
0.07611510157585144,0.24553632736206055,-0.1694212257862091
0.16364265978336334,0.27651309967041016,-0.11287043988704681
0.12420948594808578,0.3414311408996582,-0.21722165495157242
0.3154231309890747,0.2323899269104004,0.08303320407867432
0.23490595817565918,0.2845304012298584,-0.04962444305419922
0.11918742954730988,0.21128559112548828,-0.0920981615781784
0.3273959159851074,0.1667323112487793,0.16066360473632812
0.06760498881340027,0.27184462547302246,-0.2042396366596222
0.3348729610443115,0.21767115592956543,0.1172018051147461
0.09684781730175018,0.282916784286499,-0.18606896698474884
0.16675128042697906,0.2077491283416748,-0.04099784791469574
0.10730183124542236,0.21444344520568848,-0.10714161396026611
0.13864773511886597,0.27558279037475586,-0.1369350552558899
0.3908809423446655,0.13451766967773438,0.25636327266693115
0.1802424192428589,0.1890428066253662,-0.008800387382507324
0.15566129982471466,0.28471946716308594,-0.12905816733837128
0.14391610026359558,0.4581773281097412,-0.31426122784614563
0.33690714836120605,0.18573617935180664,0.15117096900939941
0.12128030508756638,0.3030853271484375,-0.18180502206087112
0.08680243045091629,0.2808985710144043,-0.194096140563488
0.0895165354013443,0.23023033142089844,-0.14071379601955414
0.09464142471551895,0.2914605140686035,-0.19681908935308456
0.10589174926280975,0.2015528678894043,-0.09566111862659454
0.44199642539024353,0.22734832763671875,0.21464809775352478
0.2192014455795288,0.2519521713256836,-0.032750725746154785
0.2260008156299591,0.11083316802978516,0.11516764760017395
0.22402475774288177,0.2840588092803955,-0.06003405153751373
0.2139284312725067,0.2246265411376953,-0.010698109865188599
0.22773416340351105,0.2412247657775879,-0.013490602374076843
0.22802475094795227,0.2060713768005371,0.02195337414741516
0.19787798821926117,0.3098568916320801,-0.11197890341281891
0.327036052942276,0.10452079772949219,0.2225152552127838
0.49089232087135315,0.15765142440795898,0.33324089646339417
0.29077377915382385,0.14480829238891602,0.14596548676490784
0.27320078015327454,0.14520788192749023,0.1279928982257843
0.1598367989063263,0.18695306777954102,-0.02711626887321472
0.1477634310722351,0.17630815505981445,-0.028544723987579346
0.13751749694347382,0.21278762817382812,-0.07527013123035431
0.33072468638420105,0.2025914192199707,0.12813326716423035
0.15221597254276276,0.22412872314453125,-0.0719127506017685
0.14230802655220032,0.1449728012084961,-0.0026647746562957764
0.13206776976585388,0.2713468074798584,-0.13927903771400452
0.14883171021938324,0.2404944896697998,-0.09166277945041656
0.34677186608314514,0.25843167304992676,0.08834019303321838
0.4313434958457947,0.21184301376342773,0.21950048208236694
0.15472015738487244,0.1651921272277832,-0.010471969842910767
0.1505700647830963,0.3408637046813965,-0.19029363989830017
0.3938463628292084,0.15443944931030273,0.23940691351890564
0.47846028208732605,0.2008209228515625,0.27763935923576355
0.22501803934574127,0.2477426528930664,-0.022724613547325134
0.13326995074748993,0.2559499740600586,-0.12268002331256866
0.5289607644081116,0.27466869354248047,0.2542920708656311
0.14254218339920044,0.2658717632293701,-0.12332957983016968
0.13666796684265137,0.22740983963012695,-0.09074187278747559
0.16174784302711487,0.23444199562072754,-0.07269415259361267
0.1698082685470581,0.20122861862182617,-0.031420350074768066
0.1964813768863678,0.29775571823120117,-0.10127434134483337
0.17052394151687622,0.2400352954864502,-0.06951135396957397
0.2910292148590088,0.25994014739990234,0.031089067459106445
0.14543193578720093,0.2591423988342285,-0.11371046304702759
0.5395129919052124,0.21040129661560059,0.3291116952896118
0.3996003568172455,0.237640380859375,0.16195997595787048
0.5175241827964783,0.22730684280395508,0.2902173399925232
0.2945985496044159,0.17925167083740234,0.11534687876701355
0.16338275372982025,0.3092613220214844,-0.14587856829166412
0.17509937286376953,0.17928862571716309,-0.004189252853393555
0.19769294559955597,0.30014610290527344,-0.10245315730571747
0.36009353399276733,0.24528241157531738,0.11481112241744995
0.12396324425935745,0.20896673202514648,-0.08500348776578903
0.19683125615119934,0.2030506134033203,-0.006219357252120972
0.1795903444290161,0.23875665664672852,-0.0591663122177124
0.2475571185350418,0.27533960342407227,-0.027782484889030457
0.17911037802696228,0.14901065826416016,0.030099719762802124
0.18776290118694305,0.20109319686889648,-0.01333029568195343
0.23908154666423798,0.15356707572937012,0.08551447093486786
0.09799244999885559,0.24610233306884766,-0.14810988306999207
0.111803337931633,0.3505711555480957,-0.2387678176164627
0.1897488236427307,0.19619083404541016,-0.006442010402679443
0.19683837890625,0.3156290054321289,-0.1187906265258789
0.26517245173454285,0.19761276245117188,0.06755968928337097
0.23699568212032318,0.19578170776367188,0.041213974356651306
0.18328554928302765,0.22611284255981445,-0.042827293276786804
0.21398374438285828,0.2788844108581543,-0.06490066647529602
0.17657913267612457,0.2702445983886719,-0.0936654657125473
0.18414340913295746,0.26132726669311523,-0.07718385756015778
0.27425551414489746,0.2127399444580078,0.06151556968688965
0.17572741210460663,0.22572803497314453,-0.0500006228685379
0.21252214908599854,0.23970818519592285,-0.027186036109924316
0.34602826833724976,0.2340846061706543,0.11194366216659546
0.3660029172897339,0.3409581184387207,0.025044798851013184
0.19662131369113922,0.2546360492706299,-0.05801473557949066
0.2838001251220703,0.29674220085144043,-0.012942075729370117
0.344836562871933,0.35204648971557617,-0.0072099268436431885
0.24852538108825684,0.2707080841064453,-0.022182703018188477
0.21951253712177277,0.19624924659729004,0.023263290524482727
0.3589952886104584,0.3670992851257324,-0.008103996515274048
0.33965617418289185,0.23379135131835938,0.10586482286453247
0.2260933816432953,0.18702936172485352,0.03906401991844177
0.24217770993709564,0.27577996253967285,-0.03360225260257721
0.39767181873321533,0.2783064842224121,0.11936533451080322
0.20975357294082642,0.24129867553710938,-0.03154510259628296
0.427498996257782,0.271254301071167,0.156244695186615
0.29440391063690186,0.20705580711364746,0.0873481035232544
0.24557358026504517,0.25905442237854004,-0.013480842113494873
0.22029955685138702,0.23887395858764648,-0.01857440173625946
0.2148045003414154,0.13339662551879883,0.08140787482261658
0.2380681037902832,0.21900439262390137,0.019063711166381836
0.14806032180786133,0.28057098388671875,-0.13251066207885742
0.19751286506652832,0.29442405700683594,-0.09691119194030762
0.26913225650787354,0.2803158760070801,-0.011183619499206543
0.2636837065219879,0.2734231948852539,-0.009739488363265991
0.27421483397483826,0.2720341682434082,0.0021806657314300537
0.16403788328170776,0.2325887680053711,-0.06855088472366333
0.22877880930900574,0.22872424125671387,5.456805229187012e-05
0.2067244052886963,0.25613975524902344,-0.04941534996032715
0.5210323333740234,0.2460165023803711,0.27501583099365234
0.47567254304885864,0.19279098510742188,0.28288155794143677
0.21962806582450867,0.2191767692565918,0.0004512965679168701
0.1581336110830307,0.20598554611206055,-0.047851935029029846
0.49443188309669495,0.19371247291564941,0.30071941018104553
0.15323716402053833,0.24761438369750977,-0.09437721967697144
0.2395026683807373,0.2502589225769043,-0.010756254196166992
0.2088201940059662,0.27877378463745117,-0.06995359063148499
0.4456648528575897,0.26636695861816406,0.17929789423942566
0.20700761675834656,0.16894960403442383,0.03805801272392273
0.23616619408130646,0.16774559020996094,0.06842060387134552
0.4231429398059845,0.2710394859313965,0.152103453874588
0.07048212736845016,0.23450374603271484,-0.16402161866426468
0.45983701944351196,0.15440583229064941,0.30543118715286255
0.18209239840507507,0.3125424385070801,-0.130450040102005
0.30912330746650696,0.23623991012573242,0.07288339734077454
0.23195812106132507,0.22270965576171875,0.009248465299606323
0.08333223313093185,0.30255651473999023,-0.21922428160905838
0.5226951837539673,0.19516968727111816,0.3275254964828491
0.10406360030174255,0.1584305763244629,-0.05436697602272034
0.2240416407585144,0.19083261489868164,0.033209025859832764
0.06880581378936768,0.30722856521606445,-0.23842275142669678
0.4223371744155884,0.2056717872619629,0.2166653871536255
0.35318508744239807,0.17263460159301758,0.1805504858493805
0.10284937918186188,0.23775076866149902,-0.13490138947963715
0.208008274435997,0.19561338424682617,0.012394890189170837
0.1916709691286087,0.23129534721374512,-0.039624378085136414
0.31160977482795715,0.2628035545349121,0.048806220293045044
0.16284692287445068,0.19267940521240234,-0.02983248233795166
0.1428472399711609,0.25151753425598145,-0.10867029428482056
0.3108254373073578,0.2356581687927246,0.07516726851463318
0.07714501768350601,0.21521353721618652,-0.1380685195326805
0.3647102117538452,0.25963687896728516,0.10507333278656006
0.05403658375144005,0.21811938285827637,-0.16408279910683632
0.3887380361557007,0.1790609359741211,0.2096771001815796
0.444036066532135,0.21936917304992676,0.22466689348220825
0.12144815921783447,0.2035961151123047,-0.08214795589447021
0.18051104247570038,0.2543520927429199,-0.07384105026721954
0.20548948645591736,0.2015395164489746,0.003949970006942749
0.1637543886899948,0.2511606216430664,-0.0874062329530716
0.3844434916973114,0.2507352828979492,0.13370820879936218
0.11578329652547836,0.2512831687927246,-0.13549987226724625
0.34697115421295166,0.17274165153503418,0.17422950267791748
0.09934504330158234,0.2158660888671875,-0.11652104556560516
0.43607592582702637,0.20363116264343262,0.23244476318359375
0.3620884418487549,0.2585616111755371,0.10352683067321777
0.16369789838790894,0.226851224899292,-0.06315332651138306
0.12511704862117767,0.1940455436706543,-0.06892849504947662
0.07661603391170502,0.20708227157592773,-0.13046623766422272
0.2408105432987213,0.14815521240234375,0.09265533089637756
0.24802590906620026,0.22104620933532715,0.026979699730873108
0.4378546178340912,0.16593241691589355,0.27192220091819763
0.07257851958274841,0.1799163818359375,-0.10733786225318909
0.22263270616531372,0.16510772705078125,0.05752497911453247
0.4673837721347809,0.1067647933959961,0.3606189787387848
0.10095666348934174,0.2599222660064697,-0.158965602517128
0.16356679797172546,0.24659466743469238,-0.08302786946296692
0.17806069552898407,0.15681934356689453,0.02124135196208954
0.12542985379695892,0.3144073486328125,-0.18897749483585358
0.2828074097633362,0.1874222755432129,0.09538513422012329
0.17617642879486084,0.21830201148986816,-0.042125582695007324
0.36764273047447205,0.23350238800048828,0.13414034247398376
0.10036789625883102,0.24579691886901855,-0.14542902261018753
0.09136853367090225,0.19280457496643066,-0.10143604129552841
0.3902864158153534,0.2764277458190918,0.1138586699962616
0.12236301600933075,0.2716636657714844,-0.14930064976215363
0.43760231137275696,0.24204325675964355,0.1955590546131134
0.21981003880500793,0.2799079418182373,-0.06009790301322937
0.17579934000968933,0.2829933166503906,-0.1071939766407013
0.2098694145679474,0.18672752380371094,0.02314189076423645
0.15475013852119446,0.2736222743988037,-0.11887213587760925
0.2149285525083542,0.32213258743286133,-0.10720403492450714
0.23958994448184967,0.2957954406738281,-0.056205496191978455
0.24012121558189392,0.1599583625793457,0.08016285300254822
0.17704927921295166,0.30180883407592773,-0.12475955486297607
0.21175411343574524,0.3450584411621094,-0.13330432772636414
0.18420998752117157,0.2335648536682129,-0.04935486614704132
0.21907593309879303,0.1927785873413086,0.026297345757484436
0.19620195031166077,0.22556829452514648,-0.029366344213485718
0.3392687141895294,0.2029879093170166,0.13628080487251282
0.21712161600589752,0.2619924545288086,-0.04487083852291107
0.2584850490093231,0.2751035690307617,-0.0166185200214386
0.16780804097652435,0.20716142654418945,-0.0393533855676651
0.22816087305545807,0.356046199798584,-0.12788532674312592
0.4369780719280243,0.23112750053405762,0.20585057139396667
0.15763434767723083,0.22197961807250977,-0.06434527039527893
0.3040493130683899,0.23765230178833008,0.06639701128005981
0.1258818656206131,0.22208762168884277,-0.09620575606822968
0.16547222435474396,0.27947020530700684,-0.11399798095226288
0.16892245411872864,0.29518866539001465,-0.126266211271286
0.1509828269481659,0.25576019287109375,-0.10477736592292786
0.42176681756973267,0.2060995101928711,0.21566730737686157
0.12528342008590698,0.28516054153442383,-0.15987712144851685
0.16263338923454285,0.2504758834838867,-0.08784249424934387
0.3376900553703308,0.25124335289001465,0.08644670248031616
0.1381261944770813,0.25595521926879883,-0.11782902479171753
0.1431806981563568,0.21921110153198242,-0.07603040337562561
0.267408162355423,0.2653617858886719,0.0020463764667510986
0.13509127497673035,0.13231277465820312,0.0027785003185272217
0.3331826329231262,0.1673145294189453,0.1658681035041809
0.06717248260974884,0.2630350589752197,-0.1958625763654709
0.14525562524795532,0.36418676376342773,-0.2189311385154724
0.24560944736003876,0.21459579467773438,0.031013652682304382
0.2605801820755005,0.13936996459960938,0.12121021747589111
0.12992045283317566,0.28058481216430664,-0.15066435933113098
0.48977988958358765,0.269212007522583,0.22056788206100464
0.11447136104106903,0.3520338535308838,-0.23756249248981476
0.15975230932235718,0.19367527961730957,-0.03392297029495239
0.1340378224849701,0.18071842193603516,-0.046680599451065063
0.4880509674549103,0.27171945571899414,0.21633151173591614
0.1382153481245041,0.2558736801147461,-0.117658331990242
0.2130812406539917,0.2351365089416504,-0.02205526828765869
0.1460053026676178,0.24045467376708984,-0.09444937109947205
0.2987850606441498,0.20183324813842773,0.09695181250572205
0.15743620693683624,0.3031139373779297,-0.14567773044109344
0.28535303473472595,0.30192995071411133,-0.016576915979385376
0.15089644491672516,0.30657529830932617,-0.155678853392601
0.20406049489974976,0.2368009090423584,-0.03274041414260864
0.16969716548919678,0.23312711715698242,-0.06342995166778564
0.3406754434108734,0.1564655303955078,0.1842099130153656
0.20393095910549164,0.21780014038085938,-0.013869181275367737
0.16243457794189453,0.18501520156860352,-0.022580623626708984
0.11695148050785065,0.21321487426757812,-0.09626339375972748
0.1600991040468216,0.18700313568115234,-0.02690403163433075
0.2368285208940506,0.3094046115875244,-0.07257609069347382
0.3060048818588257,0.20446348190307617,0.10154139995574951
0.1613936573266983,0.29314327239990234,-0.13174961507320404
0.13884669542312622,0.2834203243255615,-0.1445736289024353
0.31510719656944275,0.3329777717590332,-0.017870575189590454
0.2444932758808136,0.2538323402404785,-0.009339064359664917
0.28863856196403503,0.2651214599609375,0.023517102003097534
0.16719068586826324,0.20072007179260254,-0.033529385924339294
0.24091100692749023,0.21268606185913086,0.028224945068359375
0.2533271908760071,0.19003582000732422,0.06329137086868286
0.11532638967037201,0.23682641983032227,-0.12150003015995026
0.14916671812534332,0.27071475982666016,-0.12154804170131683
0.15642835199832916,0.35791826248168945,-0.2014899104833603
0.1560734510421753,0.1936326026916504,-0.0375591516494751
0.14032821357250214,0.20988869667053223,-0.06956048309803009
0.14462153613567352,0.19546198844909668,-0.05084045231342316
0.2264913022518158,0.32514190673828125,-0.09865060448646545
0.1787756085395813,0.28632616996765137,-0.10755056142807007
0.20221491158008575,0.21779584884643555,-0.015580937266349792
0.08760292083024979,0.31149935722351074,-0.22389643639326096
0.10842467099428177,0.13874483108520508,-0.03032016009092331
0.17852783203125,0.3189420700073242,-0.14041423797607422
0.2294146865606308,0.23628902435302734,-0.006874337792396545
0.14467602968215942,0.2909722328186035,-0.1462962031364441
0.16962146759033203,0.24269580841064453,-0.0730743408203125
0.12769484519958496,0.28314971923828125,-0.1554548740386963
0.11811894178390503,0.2219982147216797,-0.10387927293777466
0.13314034044742584,0.2933375835418701,-0.16019724309444427
0.11220195889472961,0.24140310287475586,-0.12920114398002625
0.22143666446208954,0.25895071029663086,-0.03751404583454132
0.17229779064655304,0.22110795974731445,-0.048810169100761414
0.24921931326389313,0.26453351974487305,-0.01531420648097992
0.28294113278388977,0.26621246337890625,0.01672866940498352
0.24769334495067596,0.3041412830352783,-0.056447938084602356
0.24547775089740753,0.25803232192993164,-0.012554571032524109
0.16385920345783234,0.22923994064331055,-0.06538073718547821
0.20383141934871674,0.2898223400115967,-0.08599092066287994
0.23967580497264862,0.24402856826782227,-0.004352763295173645
0.11137954145669937,0.16885948181152344,-0.057479940354824066
0.18171456456184387,0.24560928344726562,-0.06389471888542175
0.1979202926158905,0.20336341857910156,-0.00544312596321106
0.1615942418575287,0.20979738235473633,-0.04820314049720764
0.21074990928173065,0.22916913032531738,-0.01841922104358673
0.3174220621585846,0.18444132804870605,0.13298073410987854
0.25665199756622314,0.3256807327270508,-0.06902873516082764
0.3914666473865509,0.3467583656311035,0.04470828175544739
0.1492690145969391,0.31221675872802734,-0.16294774413108826
0.3567615747451782,0.30455613136291504,0.052205443382263184
0.33596453070640564,0.27892017364501953,0.05704435706138611
0.20410193502902985,0.2942476272583008,-0.09014569222927094
0.4004824459552765,0.3256826400756836,0.0747998058795929
0.3699576258659363,0.20458698272705078,0.1653706431388855
0.18136277794837952,0.1967484951019287,-0.015385717153549194
0.2673853039741516,0.30780959129333496,-0.04042428731918335
0.4395049214363098,0.2373499870300293,0.20215493440628052
0.1616651564836502,0.17454147338867188,-0.012876316905021667
0.3301515281200409,0.2904238700866699,0.03972765803337097
0.39606595039367676,0.2449326515197754,0.15113329887390137
0.2604124844074249,0.21315979957580566,0.04725268483161926
0.1765989065170288,0.1971578598022461,-0.020558953285217285
0.3102545440196991,0.2994837760925293,0.0107707679271698
0.3450635075569153,0.18746042251586914,0.15760308504104614
0.3549765348434448,0.23145818710327148,0.12351834774017334
0.4318663775920868,0.24845266342163086,0.18341371417045593
0.3192776143550873,0.26346683502197266,0.055810779333114624
0.4367895722389221,0.24275803565979004,0.19403153657913208
0.2754146158695221,0.21597576141357422,0.059438854455947876
0.31781089305877686,0.2666492462158203,0.05116164684295654
0.30962857604026794,0.2035083770751953,0.10612019896507263
0.2100091278553009,0.38666677474975586,-0.17665764689445496
0.2583935856819153,0.36832499504089355,-0.10993140935897827
0.2513519525527954,0.25895166397094727,-0.0075997114181518555
0.40019679069519043,0.2581748962402344,0.14202189445495605
0.36246225237846375,0.18711137771606445,0.1753508746623993
0.17343135178089142,0.26015472412109375,-0.08672337234020233
0.39835450053215027,0.29703760147094727,0.101316899061203
0.22271835803985596,0.19637227058410645,0.02634608745574951
0.2321455031633377,0.17351102828979492,0.058634474873542786
0.32793372869491577,0.28778505325317383,0.04014867544174194
0.21561597287654877,0.3184046745300293,-0.10278870165348053
0.19033414125442505,0.3002185821533203,-0.10988444089889526
0.2312656193971634,0.42374277114868164,-0.19247715175151825
0.2876511812210083,0.3349595069885254,-0.04730832576751709
0.2664440870285034,0.22266316413879395,0.04378092288970947
0.22836129367351532,0.2944040298461914,-0.06604273617267609
0.22711341083049774,0.3415517807006836,-0.11443836987018585
0.20247489213943481,0.21909570693969727,-0.01662081480026245
0.17425811290740967,0.28036975860595703,-0.10611164569854736
0.18333575129508972,0.23816585540771484,-0.05483010411262512
0.0629328042268753,0.20720458030700684,-0.14427177608013153
0.09263500571250916,0.28621506690979004,-0.19358006119728088
0.18669740855693817,0.1949310302734375,-0.008233621716499329
0.14351274073123932,0.24285101890563965,-0.09933827817440033
0.1611488163471222,0.20638465881347656,-0.04523584246635437
0.21736854314804077,0.19507765769958496,0.02229088544845581
0.12073606997728348,0.2775149345397949,-0.15677886456251144
0.09020553529262543,0.28063058853149414,-0.1904250532388687
0.09515328705310822,0.2294905185699463,-0.13433723151683807
0.14726927876472473,0.2374560832977295,-0.09018680453300476
0.22442467510700226,0.28170204162597656,-0.057277366518974304
0.11327241361141205,0.2285594940185547,-0.11528708040714264
0.0954928919672966,0.311936616897583,-0.2164437249302864
0.3743434548377991,0.29886960983276367,0.0754738450050354
0.14099837839603424,0.2178030014038086,-0.07680462300777435
0.18238814175128937,0.24653291702270508,-0.06414477527141571
0.1408938765525818,0.17864227294921875,-0.03774839639663696
0.13662010431289673,0.16408205032348633,-0.0274619460105896
0.10672460496425629,0.2523841857910156,-0.14565958082675934
0.2363588809967041,0.17116451263427734,0.06519436836242676
0.11258666962385178,0.2057352066040039,-0.09314853698015213
0.14345397055149078,0.24025487899780273,-0.09680090844631195
0.11565877497196198,0.3035244941711426,-0.1878657191991806
0.453380823135376,0.2225022315979004,0.23087859153747559
0.11935783177614212,0.2785053253173828,-0.1591474935412407
0.2876336872577667,0.19244098663330078,0.09519270062446594
0.12287925183773041,0.28601694107055664,-0.16313768923282623
0.1719701588153839,0.21319079399108887,-0.041220635175704956
0.29061174392700195,0.1964282989501953,0.09418344497680664
0.1563686579465866,0.22046446800231934,-0.06409581005573273
0.1476754993200302,0.24300265312194824,-0.09532715380191803
0.1283651441335678,0.2577848434448242,-0.1294196993112564
0.12782178819179535,0.18238568305969238,-0.054563894867897034
0.16986985504627228,0.22367262840270996,-0.05380277335643768
0.15627528727054596,0.20699501037597656,-0.0507197231054306
0.10907570272684097,0.2509646415710449,-0.14188893884420395
0.14782178401947021,0.213209867477417,-0.06538808345794678
0.13637977838516235,0.2044365406036377,-0.06805676221847534
0.16562741994857788,0.1863083839416504,-0.02068096399307251
0.12332857400178909,0.20349621772766113,-0.08016764372587204
0.36004748940467834,0.20559048652648926,0.1544570028781891
0.1733703762292862,0.21012663841247559,-0.03675626218318939
0.10727842152118683,0.2663388252258301,-0.15906040370464325
0.17347486317157745,0.24974298477172852,-0.07626812160015106
0.11165668070316315,0.19613265991210938,-0.08447597920894623
0.19099770486354828,0.2193756103515625,-0.02837790548801422
0.13039231300354004,0.2352004051208496,-0.10480809211730957
0.16870997846126556,0.25345349311828613,-0.08474351465702057
0.12221049517393112,0.22392988204956055,-0.10171938687562943
0.16777998208999634,0.19738268852233887,-0.02960270643234253
0.3675518035888672,0.2294778823852539,0.13807392120361328
0.04360197111964226,0.2630481719970703,-0.21944620087742805
0.18167929351329803,0.3017899990081787,-0.12011070549488068
0.2631213068962097,0.2255840301513672,0.03753727674484253
0.1638161838054657,0.18592548370361328,-0.022109299898147583
0.0667315423488617,0.3905329704284668,-0.3238014280796051
0.39592695236206055,0.3101639747619629,0.08576297760009766
0.483852744102478,0.23989176750183105,0.24396097660064697
0.2499290406703949,0.2723698616027832,-0.022440820932388306
0.10934910178184509,0.2994718551635742,-0.19012275338172913
0.3639833629131317,0.2725081443786621,0.0914752185344696
0.06946404278278351,0.2608051300048828,-0.1913410872220993
0.28662705421447754,0.3326570987701416,-0.04603004455566406
0.4447095990180969,0.31549763679504395,0.12921196222305298
0.6706082224845886,0.26831865310668945,0.40228956937789917
0.17649643123149872,0.2698493003845215,-0.09335286915302277
0.13601054251194,0.19492053985595703,-0.05890999734401703
0.2604723870754242,0.3138861656188965,-0.05341377854347229
0.15606801211833954,0.3360402584075928,-0.17997224628925323
0.13666363060474396,0.35094165802001953,-0.21427802741527557
0.2916061580181122,0.23340511322021484,0.05820104479789734
0.6561620831489563,0.30465221405029297,0.35150986909866333
0.2771129310131073,0.2828993797302246,-0.00578644871711731
0.17514324188232422,0.27476000785827637,-0.09961676597595215
0.5149028897285461,0.17979764938354492,0.3351052403450012
0.18477752804756165,0.31333208084106445,-0.1285545527935028
0.08698755502700806,0.22070598602294922,-0.13371843099594116
0.19651733338832855,0.25305604934692383,-0.056538715958595276
0.6363605856895447,0.2502603530883789,0.38610023260116577
0.4258328974246979,0.29944658279418945,0.12638631463050842
0.12827281653881073,0.3044147491455078,-0.17614193260669708
0.46427595615386963,0.37674927711486816,0.08752667903900146
0.4804723858833313,0.2802309989929199,0.20024138689041138
0.2370920479297638,0.2266683578491211,0.0104236900806427
0.17952673137187958,0.2503995895385742,-0.07087285816669464
0.5104305744171143,0.2523207664489746,0.25810980796813965
0.08042538166046143,0.329270601272583,-0.24884521961212158
0.15589037537574768,0.21914005279541016,-0.06324967741966248
0.20684649050235748,0.24576067924499512,-0.038914188742637634
0.2658851444721222,0.24043989181518555,0.025445252656936646
0.18194052577018738,0.2090778350830078,-0.027137309312820435
0.24098441004753113,0.21234607696533203,0.028638333082199097
0.10178378969430923,0.2643699645996094,-0.16258617490530014
0.4911777377128601,0.2501637935638428,0.24101394414901733
0.1325727105140686,0.2517731189727783,-0.11920040845870972
0.6232362389564514,0.3903827667236328,0.2328534722328186
0.4198611080646515,0.22615909576416016,0.19370201230049133
0.033257145434617996,0.13874530792236328,-0.10548816248774529
0.21805338561534882,0.22511506080627441,-0.007061675190925598
0.46349748969078064,0.2960071563720703,0.16749033331871033
0.3081631064414978,0.3155045509338379,-0.007341444492340088
0.15953196585178375,0.25655078887939453,-0.09701882302761078
0.08264585584402084,0.24579429626464844,-0.1631484404206276
0.04640239104628563,0.20715045928955078,-0.16074806824326515
0.21758316457271576,0.25408053398132324,-0.03649736940860748
0.5994797348976135,0.2714836597442627,0.32799607515335083
0.21601054072380066,0.2724738121032715,-0.056463271379470825
0.23031044006347656,0.27201223373413086,-0.0417017936706543
0.28347134590148926,0.2697572708129883,0.013714075088500977
0.19145463407039642,0.2524440288543701,-0.060989394783973694
0.031421106308698654,0.21762752532958984,-0.1862064190208912
0.07669801265001297,0.25510692596435547,-0.1784089133143425
0.08239289373159409,0.2966604232788086,-0.2142675295472145
0.2977220416069031,0.30677366256713867,-0.009051620960235596
0.37983280420303345,0.36588287353515625,0.013949930667877197
0.138798326253891,0.3270559310913086,-0.1882576048374176
0.36291536688804626,0.28833794593811035,0.07457742094993591
0.02699059620499611,0.24625825881958008,-0.21926766261458397
0.49672937393188477,0.35909080505371094,0.13763856887817383
0.07251828908920288,0.23198652267456055,-0.15946823358535767
0.18132705986499786,0.3421456813812256,-0.16081862151622772
0.02923719957470894,0.2051224708557129,-0.17588527128100395
0.5585579872131348,0.29874420166015625,0.2598137855529785
0.32841169834136963,0.24972248077392578,0.07868921756744385
0.07048066705465317,0.2703256607055664,-0.19984499365091324
0.5990595817565918,0.27414655685424805,0.32491302490234375
0.5978474617004395,0.2764301300048828,0.32141733169555664
0.2222048044204712,0.33253002166748047,-0.11032521724700928
0.34272727370262146,0.2804856300354004,0.06224164366722107
0.5274398922920227,0.3559556007385254,0.17148429155349731
0.22342737019062042,0.12935638427734375,0.09407098591327667
0.48168233036994934,0.3115403652191162,0.17014196515083313
0.18886102735996246,0.31637120246887207,-0.1275101751089096
0.23539185523986816,0.28067493438720703,-0.04528307914733887
0.1113584116101265,0.23904800415039062,-0.12768959254026413
0.04240334406495094,0.17905855178833008,-0.13665520772337914
0.1415778547525406,0.31130051612854004,-0.16972266137599945
0.025517242029309273,0.2819180488586426,-0.2564008068293333
0.9483385682106018,0.28584909439086914,0.6624894738197327
0.0422152541577816,0.3164346218109131,-0.2742193676531315
0.17338557541370392,0.33128786087036133,-0.1579022854566574
0.11430512368679047,0.2998933792114258,-0.18558825552463531
0.5292580723762512,0.28163695335388184,0.24762111902236938
0.0021107627544552088,0.2703061103820801,-0.26819534762762487
0.2806374132633209,0.2322535514831543,0.048383861780166626
0.18197491765022278,0.2790045738220215,-0.0970296561717987
0.022382445633411407,0.2909379005432129,-0.2685554549098015
0.14863114058971405,0.24436187744140625,-0.0957307368516922
0.6645768284797668,0.21357154846191406,0.4510052800178528
0.07414837926626205,0.2748451232910156,-0.20069674402475357
0.5187878608703613,0.2278285026550293,0.29095935821533203
0.5815047025680542,0.19828271865844727,0.38322198390960693
0.027586206793785095,0.22844600677490234,-0.20085979998111725
0.4270741939544678,0.28608107566833496,0.1409931182861328
0.10192267596721649,0.34717702865600586,-0.24525435268878937
0.0392894446849823,0.2590456008911133,-0.21975615620613098
0.7733960151672363,0.3219642639160156,0.4514317512512207
0.6418808698654175,0.21237468719482422,0.42950618267059326
0.35239288210868835,0.31287407875061035,0.039518803358078
0.497001051902771,0.31826210021972656,0.17873895168304443
0.08337513357400894,0.2593851089477539,-0.17600997537374496
0.08357366919517517,0.1949462890625,-0.11137261986732483
0.020553814247250557,0.19948053359985352,-0.17892671935260296
0.31009405851364136,0.3110542297363281,-0.0009601712226867676
0.027711598202586174,0.2790408134460449,-0.25132921524345875
0.07006269693374634,0.1830739974975586,-0.11301130056381226
0.6271578073501587,0.24515342712402344,0.38200438022613525
0.37718912959098816,0.2799525260925293,0.09723660349845886
0.24847440421581268,0.2667994499206543,-0.018325045704841614
0.4536259174346924,0.354419469833374,0.09920644760131836
0.1926332265138626,0.3715481758117676,-0.17891494929790497
0.7407001256942749,0.27008819580078125,0.47061192989349365
0.042737722396850586,0.2683594226837158,-0.22562170028686523
0.4613688588142395,0.3387131690979004,0.12265568971633911
0.8015882968902588,0.2254648208618164,0.5761234760284424
0.4683176577091217,0.24274682998657227,0.22557082772254944
0.25200626254081726,0.33160948753356934,-0.07960322499275208
0.31954023241996765,0.25109314918518066,0.06844708323478699
0.35457679629325867,0.2890625,0.06551429629325867
0.5373667478561401,0.2927985191345215,0.24456822872161865
0.1625705361366272,0.21799731254577637,-0.05542677640914917
0.1954963356256485,0.3112802505493164,-0.11578391492366791
0.3432706296443939,0.21054935455322266,0.13272127509117126
0.08844304829835892,0.25470638275146484,-0.16626333445310593
0.06777429580688477,0.19858551025390625,-0.13081121444702148
0.25443050265312195,0.23020029067993164,0.024230211973190308
0.03235109895467758,0.20169758796691895,-0.16934648901224136
0.049717869609594345,0.23069119453430176,-0.1809733249247074
0.21508881449699402,0.27045464515686035,-0.05536583065986633
0.07438871264457703,0.24431467056274414,-0.16992595791816711
0.08900731801986694,0.2608814239501953,-0.17187410593032837
0.15962383151054382,0.15453720092773438,0.005086630582809448
0.44809821248054504,0.32625794410705566,0.12184026837348938
0.6782758831977844,0.35214757919311523,0.3261283040046692
0.35955068469047546,0.23754215240478516,0.12200853228569031
0.2985788881778717,0.22337865829467773,0.07520022988319397
0.24733541905879974,0.24999332427978516,-0.0026579052209854126
0.2005433589220047,0.22199797630310059,-0.021454617381095886
0.4729989469051361,0.3126029968261719,0.16039595007896423
0.25428423285484314,0.18406176567077637,0.07022246718406677
0.399749219417572,0.33775854110717773,0.06199067831039429
0.03846395015716553,0.1989133358001709,-0.16044938564300537
0.6166666746139526,0.33738088607788086,0.2792857885360718
0.12495297938585281,0.2222304344177246,-0.0972774550318718
0.43242424726486206,0.3615121841430664,0.07091206312179565
0.7466353178024292,0.3089914321899414,0.4376438856124878
0.2078474462032318,0.17645597457885742,0.03139147162437439
0.32276907563209534,0.2993125915527344,0.023456484079360962
0.14732497930526733,0.23902130126953125,-0.09169632196426392
0.7260919809341431,0.2182161808013916,0.5078758001327515
0.5650679469108582,0.27742838859558105,0.2876395583152771
0.2205120176076889,0.30758047103881836,-0.08706845343112946
0.17201672494411469,0.23315906524658203,-0.061142340302467346
0.5157575607299805,0.26873111724853516,0.2470264434814453
0.18542319536209106,0.17821335792541504,0.007209837436676025
0.0061128525994718075,0.19043350219726562,-0.18432064959779382
0.37017762660980225,0.23096895217895508,0.13920867443084717
0.691003143787384,0.2711153030395508,0.41988784074783325
0.4465099275112152,0.3514747619628906,0.09503516554832458
0.3421003222465515,0.36182212829589844,-0.019721806049346924
0.1990804523229599,0.2031388282775879,-0.004058375954627991
0.32721003890037537,0.27604246139526367,0.051167577505111694
0.17701148986816406,0.33155345916748047,-0.1545419692993164
0.08088818937540054,0.23424768447875977,-0.15335949510335922
0.13173457980155945,0.2735128402709961,-0.14177826046943665
0.39496341347694397,0.26620006561279297,0.128763347864151
0.02413793094456196,0.24055147171020508,-0.21641354076564312
0.10961337387561798,0.18376564979553223,-0.07415227591991425
0.36064785718917847,0.32151317596435547,0.039134681224823
0.20957158505916595,0.34690308570861816,-0.1373315006494522
0.44529780745506287,0.22214961051940918,0.2231481969356537
0.3813270628452301,0.2164616584777832,0.1648654043674469
0.6429989337921143,0.3390045166015625,0.30399441719055176
0.532957136631012,0.2258014678955078,0.30715566873550415
0.45519331097602844,0.3323647975921631,0.12282851338386536
0.020940439775586128,0.2007160186767578,-0.17977557890117168
0.4868338704109192,0.35899853706359863,0.12783533334732056
0.34309300780296326,0.18825197219848633,0.15484103560447693
0.22006270289421082,0.21466970443725586,0.005392998456954956
0.07291536033153534,0.26151204109191895,-0.1885966807603836
0.5007628202438354,0.31178975105285645,0.188973069190979
0.1780041754245758,0.2932858467102051,-0.11528167128562927
0.04453500360250473,0.22797727584838867,-0.18344227224588394
0.07693834602832794,0.22196650505065918,-0.14502815902233124
0.4342319667339325,0.2859070301055908,0.14832493662834167
0.21914315223693848,0.24994421005249023,-0.030801057815551758
0.1176488995552063,0.35334062576293945,-0.23569172620773315
0.18498432636260986,0.1878349781036377,-0.002850651741027832
0.02137931063771248,0.24568557739257812,-0.22430626675486565
0.03433646634221077,0.21555352210998535,-0.18121705576777458
0.7589654922485352,0.34864187240600586,0.4103236198425293
0.19479623436927795,0.30356931686401367,-0.10877308249473572
0.054649949073791504,0.2971673011779785,-0.242517352104187
0.48819226026535034,0.2324509620666504,0.25574129819869995
0.21035528182983398,0.27098751068115234,-0.06063222885131836
0.48247650265693665,0.25322985649108887,0.22924664616584778
0.2612748146057129,0.26412057876586914,-0.00284576416015625
0.14365726709365845,0.36566972732543945,-0.222012460231781
0.03411703184247017,0.28960609436035156,-0.2554890625178814
0.13195402920246124,0.15883398056030273,-0.02687995135784149
0.26662948727607727,0.20141267776489258,0.06521680951118469
0.12483980506658554,0.19048476219177246,-0.06564495712518692
0.1663549542427063,0.22724199295043945,-0.060887038707733154
0.11961276829242706,0.2302546501159668,-0.11064188182353973
0.1486044079065323,0.16480779647827148,-0.016203388571739197
0.15470680594444275,0.2248687744140625,-0.07016196846961975
0.08962559700012207,0.2927675247192383,-0.2031419277191162
0.07418672740459442,0.18131208419799805,-0.10712535679340363
0.15714672207832336,0.20388340950012207,-0.046736687421798706
0.27797460556030273,0.25918078422546387,0.018793821334838867
0.10531525313854218,0.1962122917175293,-0.09089703857898712
0.16747303307056427,0.23257803916931152,-0.06510500609874725
0.12495997548103333,0.24880218505859375,-0.12384220957756042
0.12294848263263702,0.2579805850982666,-0.13503210246562958
0.09972486644983292,0.22070026397705078,-0.12097539752721786
0.15637870132923126,0.2472085952758789,-0.09082989394664764
0.18719090521335602,0.2379446029663086,-0.050753697752952576
0.15525540709495544,0.18813610076904297,-0.032880693674087524
0.1739492416381836,0.1820993423461914,-0.008150100708007812
0.13299550116062164,0.2308964729309082,-0.09790097177028656
0.159273162484169,0.2104358673095703,-0.051162704825401306
0.13906417787075043,0.23246049880981445,-0.09339632093906403
0.2539463937282562,0.17235994338989258,0.08158645033836365
0.18586906790733337,0.23650503158569336,-0.050635963678359985
0.15590563416481018,0.24768924713134766,-0.09178361296653748
0.16514568030834198,0.24942827224731445,-0.08428259193897247
0.1521780788898468,0.22101736068725586,-0.06883928179740906
0.22494715452194214,0.32730579376220703,-0.10235863924026489
0.11504118889570236,0.3309335708618164,-0.21589238196611404
0.1611512005329132,0.21847033500671387,-0.05731913447380066
0.12401193380355835,0.29088878631591797,-0.16687685251235962
0.09749393910169601,0.3014202117919922,-0.20392627269029617
0.1703180968761444,0.36580371856689453,-0.19548562169075012
0.1824207901954651,0.21076202392578125,-0.028341233730316162
0.16103103756904602,0.24195170402526855,-0.08092066645622253
0.1017833799123764,0.24925899505615234,-0.14747561514377594
0.2242470383644104,0.2582054138183594,-0.033958375453948975
0.09411358088254929,0.2407536506652832,-0.14664006978273392
0.14480085670948029,0.15628504753112793,-0.011484190821647644
0.0826558992266655,0.27986693382263184,-0.19721103459596634
0.20614881813526154,0.20888376235961914,-0.002734944224357605
0.12332465499639511,0.2231159210205078,-0.0997912660241127
0.23546676337718964,0.2079639434814453,0.027502819895744324
0.10131316632032394,0.30519843101501465,-0.2038852646946907
0.1924717277288437,0.25366806983947754,-0.06119634211063385
0.19188657402992249,0.2232646942138672,-0.0313781201839447
0.2208520919084549,0.14734125137329102,0.07351084053516388
0.1334226131439209,0.1687479019165039,-0.03532528877258301
0.07926835119724274,0.24019813537597656,-0.16092978417873383
0.1115417405962944,0.23922443389892578,-0.12768269330263138
0.167372465133667,0.23813772201538086,-0.07076525688171387
0.3250318169593811,0.2758781909942627,0.04915362596511841
0.26125961542129517,0.22993040084838867,0.031329214572906494
0.1401624232530594,0.18875384330749512,-0.04859142005443573
0.11481171101331711,0.2002108097076416,-0.0853990986943245
0.2558886706829071,0.19060134887695312,0.06528732180595398
0.11018332839012146,0.17547941207885742,-0.06529608368873596
0.1198071539402008,0.18684673309326172,-0.06703957915306091
0.1839764267206192,0.20836400985717773,-0.024387583136558533
0.15354801714420319,0.2290205955505371,-0.07547257840633392
0.18327566981315613,0.22214555740356445,-0.038869887590408325
0.10001547634601593,0.1433107852935791,-0.04329530894756317
0.37994298338890076,0.19695615768432617,0.18298682570457458
0.17689178884029388,0.2360537052154541,-0.05916191637516022
0.11017288267612457,0.23504424095153809,-0.12487135827541351
0.2185845822095871,0.20303058624267578,0.015553995966911316
0.1063484251499176,0.246992826461792,-0.1406444013118744
0.19006839394569397,0.1557765007019043,0.03429189324378967
0.1244884505867958,0.21790552139282227,-0.09341707080602646
0.07578349858522415,0.16276788711547852,-0.08698438853025436
0.1568395495414734,0.18960189819335938,-0.032762348651885986
0.171322301030159,0.2802562713623047,-0.10893397033214569
0.10955636948347092,0.20200252532958984,-0.09244615584611893
0.16206420958042145,0.2076106071472168,-0.04554639756679535
0.11138500273227692,0.22615647315979004,-0.11477147042751312
0.08331223577260971,0.17968392372131348,-0.09637168794870377
0.10688067972660065,0.20000600814819336,-0.09312532842159271
0.1148332804441452,0.23838329315185547,-0.12355001270771027
0.10726796835660934,0.2743716239929199,-0.16710365563631058
0.10091934353113174,0.2701609134674072,-0.16924156993627548
0.16043411195278168,0.250640869140625,-0.09020675718784332
0.25746649503707886,0.18709039688110352,0.07037609815597534
0.18029826879501343,0.2073688507080078,-0.027070581912994385
0.1147385686635971,0.17244172096252441,-0.05770315229892731
0.12992209196090698,0.19099712371826172,-0.061075031757354736
0.17391307651996613,0.2184462547302246,-0.044533178210258484
0.20009973645210266,0.25156307220458984,-0.05146333575248718
0.11859959363937378,0.3012995719909668,-0.18269997835159302
0.2991175055503845,0.22345209121704102,0.0756654143333435
0.2538405954837799,0.21891236305236816,0.03492823243141174
0.18686044216156006,0.20017576217651367,-0.013315320014953613
0.1691279411315918,0.2106938362121582,-0.041565895080566406
0.15443620085716248,0.1781759262084961,-0.023739725351333618
0.12974901497364044,0.2124347686767578,-0.08268575370311737
0.16265392303466797,0.3104734420776367,-0.14781951904296875
0.1709611415863037,0.24976468086242676,-0.07880353927612305
0.11752919852733612,0.18364644050598145,-0.06611724197864532
0.10513630509376526,0.22792363166809082,-0.12278732657432556
0.21838603913784027,0.22652077674865723,-0.008134737610816956
0.11918019503355026,0.26624059677124023,-0.14706040173768997
0.21355846524238586,0.2056417465209961,0.00791671872138977
0.11623348295688629,0.22956490516662598,-0.11333142220973969
0.330434113740921,0.22204160690307617,0.10839250683784485
0.07379812747240067,0.319303035736084,-0.24550490826368332
0.15657831728458405,0.22614598274230957,-0.06956766545772552
0.09394442290067673,0.19263935089111328,-0.09869492799043655
0.10843829065561295,0.2442333698272705,-0.13579507917165756
0.13281655311584473,0.2092573642730713,-0.07644081115722656
0.1280830204486847,0.13871550559997559,-0.010632485151290894
0.14085665345191956,0.2791562080383301,-0.13829955458641052
0.20194926857948303,0.17918896675109863,0.0227603018283844
0.1474919617176056,0.2590622901916504,-0.1115703284740448
0.145940899848938,0.25405311584472656,-0.10811221599578857
0.18890851736068726,0.23006105422973633,-0.04115253686904907
0.2234121710062027,0.24335527420043945,-0.019943103194236755
0.08851077407598495,0.11049079895019531,-0.021980024874210358
0.4106326401233673,0.20184612274169922,0.2087865173816681
0.10250307619571686,0.20333194732666016,-0.1008288711309433
0.21959750354290009,0.24301671981811523,-0.02341921627521515
0.08583574742078781,0.26471805572509766,-0.17888230830430984
0.1256692260503769,0.21785402297973633,-0.09218479692935944
0.20873087644577026,0.26793551445007324,-0.05920463800430298
0.18350622057914734,0.17063236236572266,0.012873858213424683
0.21076849102973938,0.1431269645690918,0.06764152646064758
0.14040276408195496,0.2473583221435547,-0.10695555806159973
0.12886671721935272,0.20302343368530273,-0.07415671646595001
0.10072603076696396,0.25309276580810547,-0.1523667350411415
0.16197016835212708,0.20663881301879883,-0.04466864466667175
0.13286881148815155,0.25273942947387695,-0.1198706179857254
0.13084164261817932,0.3166966438293457,-0.18585500121116638
0.10423766821622849,0.23922491073608398,-0.1349872425198555
0.0993414968252182,0.2912006378173828,-0.1918591409921646
0.11947277188301086,0.2887115478515625,-0.16923877596855164
0.2458050698041916,0.1986680030822754,0.0471370667219162
0.28087297081947327,0.22389650344848633,0.05697646737098694
0.11716347187757492,0.20775890350341797,-0.09059543162584305
0.1656581163406372,0.21990585327148438,-0.05424773693084717
0.255130410194397,0.2633509635925293,-0.008220553398132324
0.13571035861968994,0.27333831787109375,-0.1376279592514038
0.09709489345550537,0.19817256927490234,-0.10107767581939697
0.1237093135714531,0.29758715629577637,-0.17387784272432327
0.10693359375,0.26740360260009766,-0.16047000885009766
0.36802032589912415,0.21824073791503906,0.14977958798408508
0.13409137725830078,0.254671573638916,-0.12058019638061523
0.11636932939291,0.1781778335571289,-0.0618085041642189
0.251729816198349,0.12166452407836914,0.13006529211997986
0.12398621439933777,0.22000765800476074,-0.09602144360542297
0.3018970191478729,0.2244558334350586,0.07744118571281433
0.12257622182369232,0.17983436584472656,-0.05725814402103424
0.22902345657348633,0.17876029014587402,0.050263166427612305
0.21278521418571472,0.25485849380493164,-0.04207327961921692
0.16749785840511322,0.2395615577697754,-0.07206369936466217
0.1691906452178955,0.2026526927947998,-0.0334620475769043
0.13812480866909027,0.2711935043334961,-0.13306869566440582
0.11217915266752243,0.21933364868164062,-0.1071544960141182
0.23991164565086365,0.2383098602294922,0.00160178542137146
0.1396295130252838,0.21971368789672852,-0.0800841748714447
0.11104017496109009,0.17409014701843262,-0.06304997205734253
0.13704852759838104,0.1891922950744629,-0.05214376747608185
0.2888137996196747,0.21189594268798828,0.0769178569316864
0.19739335775375366,0.287691593170166,-0.09029823541641235
0.12093567848205566,0.20448660850524902,-0.08355093002319336
0.40423765778541565,0.25635766983032227,0.14787998795509338
0.12225229293107986,0.28766918182373047,-0.1654168888926506
0.0554804690182209,0.19579648971557617,-0.14031602069735527
0.16841739416122437,0.24763703346252441,-0.07921963930130005
0.14559541642665863,0.25968146324157715,-0.11408604681491852
0.07874588668346405,0.1429154872894287,-0.06416960060596466
0.10874132066965103,0.28092074394226074,-0.1721794232726097
0.23139545321464539,0.20448589324951172,0.026909559965133667
0.15388238430023193,0.24935102462768555,-0.09546864032745361
0.24584686756134033,0.24595022201538086,-0.00010335445404052734
0.09074170142412186,0.22935009002685547,-0.1386083886027336
0.16551248729228973,0.2663857936859131,-0.10087330639362335
0.12188656628131866,0.2760188579559326,-0.15413229167461395
0.1462230384349823,0.23148083686828613,-0.08525779843330383
0.20477057993412018,0.2449941635131836,-0.040223583579063416
0.2745511531829834,0.1856856346130371,0.08886551856994629
0.14136409759521484,0.17224502563476562,-0.03088092803955078
0.2539137303829193,0.2548856735229492,-0.0009719431400299072
0.17853233218193054,0.2378082275390625,-0.05927589535713196
0.1796608567237854,0.2365260124206543,-0.056865155696868896
0.4553378224372864,0.2615227699279785,0.19381505250930786
0.47902393341064453,0.31010866165161133,0.1689152717590332
0.29454854130744934,0.32985782623291016,-0.035309284925460815
0.3562700152397156,0.2559177875518799,0.1003522276878357
0.06630241125822067,0.21538496017456055,-0.14908254891633987
0.5603495836257935,0.1966266632080078,0.36372292041778564
0.20864376425743103,0.26741743087768555,-0.05877366662025452
0.5489311218261719,0.3177318572998047,0.2311992645263672
0.0702425166964531,0.18194961547851562,-0.11170709878206253
0.221977099776268,0.2306962013244629,-0.008719101548194885
0.21852360665798187,0.33243370056152344,-0.11391009390354156
0.32433342933654785,0.2565157413482666,0.06781768798828125
0.1627190113067627,0.3209357261657715,-0.1582167148590088
0.25501784682273865,0.26564955711364746,-0.010631710290908813
0.37594783306121826,0.30458784103393555,0.07135999202728271
0.17763541638851166,0.1910243034362793,-0.01338888704776764
0.3073585033416748,0.26320934295654297,0.044149160385131836
0.2667890191078186,0.262298583984375,0.0044904351234436035
0.16026341915130615,0.2226262092590332,-0.06236279010772705
0.10188306123018265,0.24582362174987793,-0.14394056051969528
0.5593177676200867,0.32688045501708984,0.23243731260299683
0.061470311135053635,0.19391465187072754,-0.1324443407356739
0.04782872274518013,0.19487953186035156,-0.14705080911517143
0.43004921078681946,0.25688600540161133,0.17316320538520813
0.019077416509389877,0.23928093910217285,-0.22020352259278297
0.27073362469673157,0.2404928207397461,0.030240803956985474
0.0971233919262886,0.23470783233642578,-0.13758444041013718
0.21562914550304413,0.32346463203430176,-0.10783548653125763
0.3468673825263977,0.2890338897705078,0.05783349275588989
0.4716740846633911,0.1941967010498047,0.2774773836135864
0.13018503785133362,0.2125856876373291,-0.08240064978599548
0.12593740224838257,0.25871896743774414,-0.13278156518936157
0.35613593459129333,0.3156623840332031,0.04047355055809021
0.20717564225196838,0.32623720169067383,-0.11906155943870544
0.10866989195346832,0.23959088325500488,-0.13092099130153656
0.2959687411785126,0.18135499954223633,0.11461374163627625
0.1704723984003067,0.2414851188659668,-0.0710127204656601
0.06534178555011749,0.2197260856628418,-0.1543843001127243
0.23502308130264282,0.29251813888549805,-0.057495057582855225
0.48480886220932007,0.2245793342590332,0.26022952795028687
0.41680991649627686,0.30041074752807617,0.11639916896820068
0.05941179394721985,0.24902033805847168,-0.18960854411125183
0.03542537987232208,0.18965625762939453,-0.15423087775707245
0.7045372128486633,0.28029322624206543,0.4242439866065979
0.19594784080982208,0.21951913833618164,-0.023571297526359558
0.3995894193649292,0.21759700775146484,0.18199241161346436
0.06349225342273712,0.19185328483581543,-0.1283610314130783
0.5224682092666626,0.2603144645690918,0.2621537446975708
0.2802372872829437,0.23844480514526367,0.041792482137680054
0.27000218629837036,0.2308330535888672,0.039169132709503174
0.5007336139678955,0.24717092514038086,0.25356268882751465
0.28451627492904663,0.22322797775268555,0.061288297176361084
0.6898715496063232,0.23630285263061523,0.453568696975708
0.14065003395080566,0.25846433639526367,-0.11781430244445801
0.12349225580692291,0.21649646759033203,-0.09300421178340912
0.2886072099208832,0.27429699897766113,0.014310210943222046
0.09903562068939209,0.21129393577575684,-0.11225831508636475
0.32004398107528687,0.22045564651489258,0.09958833456039429
0.03756226599216461,0.13237929344177246,-0.09481702744960785
0.4988579750061035,0.28405189514160156,0.21480607986450195
0.19980886578559875,0.23128080368041992,-0.03147193789482117
0.27349749207496643,0.2564694881439209,0.017028003931045532
0.18286007642745972,0.2958812713623047,-0.11302119493484497
0.1236124187707901,0.22445058822631836,-0.10083816945552826
0.373163104057312,0.3952045440673828,-0.0220414400100708
0.07608368247747421,0.23308277130126953,-0.15699908882379532
0.23456330597400665,0.2396702766418457,-0.00510697066783905
0.3748036324977875,0.2893204689025879,0.08548316359519958
0.18030521273612976,0.2270364761352539,-0.046731263399124146
0.10090604424476624,0.2842421531677246,-0.18333610892295837
0.5198454260826111,0.2962770462036133,0.2235683798789978
0.3023376166820526,0.2659783363342285,0.0363592803478241
0.4479018747806549,0.27268314361572266,0.17521873116493225
0.2419927716255188,0.27356672286987305,-0.03157395124435425
0.46335119009017944,0.2632603645324707,0.20009082555770874
0.29718607664108276,0.3384084701538086,-0.04122239351272583
0.2430063635110855,0.228729248046875,0.01427711546421051
0.12970437109470367,0.30042600631713867,-0.170721635222435
0.11723833531141281,0.20170044898986816,-0.08446211367845535
0.0816897451877594,0.25086545944213867,-0.16917571425437927
0.42353928089141846,0.26091432571411133,0.16262495517730713
0.23657479882240295,0.2556605339050293,-0.019085735082626343
0.41072317957878113,0.30260515213012695,0.10811802744865417
0.5412299633026123,0.26677513122558594,0.27445483207702637
0.48865944147109985,0.2674851417541504,0.22117429971694946
0.3209112584590912,0.31641626358032227,0.004494994878768921
0.24692486226558685,0.34880733489990234,-0.10188247263431549
0.25266677141189575,0.33272600173950195,-0.0800592303276062
0.2710680067539215,0.2364649772644043,0.03460302948951721
0.06572841107845306,0.2763185501098633,-0.21059013903141022
0.4684138894081116,0.35059666633605957,0.117817223072052
0.41646507382392883,0.26852893829345703,0.1479361355304718
0.451663613319397,0.25088024139404297,0.200783371925354
0.4704880714416504,0.20642399787902832,0.26406407356262207
0.1211620569229126,0.1421370506286621,-0.02097499370574951
0.06009100005030632,0.2314319610595703,-0.171340961009264
0.15641283988952637,0.2519824504852295,-0.09556961059570312
0.24693530797958374,0.3002810478210449,-0.05334573984146118
0.190744087100029,0.2521548271179199,-0.06141074001789093
0.18887364864349365,0.2665064334869385,-0.07763278484344482
0.07060302048921585,0.29314708709716797,-0.22254406660795212
0.46955808997154236,0.28455400466918945,0.1850040853023529
0.2979854643344879,0.3864016532897949,-0.088416188955307
0.20911921560764313,0.24103307723999023,-0.03191386163234711
0.3521233797073364,0.2782316207885742,0.07389175891876221
0.12126132100820541,0.2240920066833496,-0.1028306856751442
0.41178378462791443,0.36528730392456055,0.04649648070335388
0.25776079297065735,0.22767305374145508,0.03008773922920227
0.5425935983657837,0.31662702560424805,0.22596657276153564
0.01862809620797634,0.22437620162963867,-0.20574810542166233
0.3624682128429413,0.20456361770629883,0.15790459513664246
0.46752047538757324,0.22622942924499512,0.24129104614257812
0.12937521934509277,0.20662426948547363,-0.07724905014038086
0.29836687445640564,0.24700188636779785,0.05136498808860779
0.3783773183822632,0.25444793701171875,0.12392938137054443
0.2224995642900467,0.3086965084075928,-0.08619694411754608
0.1464441865682602,0.20345211029052734,-0.05700792372226715
0.3302268385887146,0.2543449401855469,0.07588189840316772
0.19170542061328888,0.23187255859375,-0.04016713798046112
0.08015891909599304,0.29996728897094727,-0.21980836987495422
0.016162056475877762,0.21453189849853516,-0.1983698420226574
0.11892589926719666,0.25234556198120117,-0.13341966271400452
0.05151733383536339,0.30818891525268555,-0.25667158141732216
0.11188305914402008,0.21440839767456055,-0.10252533853054047
0.3402216136455536,0.3458733558654785,-0.005651742219924927
0.23180468380451202,0.2910172939300537,-0.05921261012554169
0.20549330115318298,0.19711017608642578,0.008383125066757202
0.6467472314834595,0.23606610298156738,0.4106811285018921
0.06740029901266098,0.2965998649597168,-0.22919956594705582
0.37296977639198303,0.216170072555542,0.15679970383644104
0.10203979909420013,0.2195441722869873,-0.11750437319278717
0.19862809777259827,0.291900634765625,-0.09327253699302673
0.24859152734279633,0.2647440433502197,-0.0161525160074234
0.28217563033103943,0.3179802894592285,-0.03580465912818909
0.10939612239599228,0.25449252128601074,-0.14509639889001846
0.01650688424706459,0.36110591888427734,-0.34459903463721275
0.23963645100593567,0.24769973754882812,-0.008063286542892456
0.2324107438325882,0.2868785858154297,-0.05446784198284149
0.1857336312532425,0.2389817237854004,-0.0532480925321579
0.11898337304592133,0.28949618339538574,-0.17051281034946442
0.20307950675487518,0.3597757816314697,-0.15669627487659454
0.1955350935459137,0.256868839263916,-0.06133374571800232
0.42541491985321045,0.22780275344848633,0.19761216640472412
0.23405128717422485,0.2758200168609619,-0.04176872968673706
0.31638672947883606,0.292067289352417,0.024319440126419067
0.3191714584827423,0.2583460807800293,0.06082537770271301
0.46771901845932007,0.22493696212768555,0.24278205633163452
0.2836594581604004,0.19774699211120605,0.08591246604919434
0.5017681121826172,0.1641523838043213,0.3376157283782959
0.1684609055519104,0.27080559730529785,-0.10234469175338745
0.05576498061418533,0.1661078929901123,-0.11034291237592697
0.11653300374746323,0.2882802486419678,-0.17174724489450455
0.30338254570961,0.2915072441101074,0.011875301599502563
0.7093752026557922,0.260775089263916,0.4486001133918762
0.23472528159618378,0.2818746566772461,-0.04714937508106232
0.0487273633480072,0.20965075492858887,-0.16092339158058167
0.4363919496536255,0.23640227317810059,0.1999896764755249
0.34537312388420105,0.28434133529663086,0.06103178858757019
0.1889520287513733,0.21204137802124023,-0.023089349269866943
0.46297502517700195,0.24950885772705078,0.21346616744995117
0.433575838804245,0.3918337821960449,0.04174205660820007
0.30056121945381165,0.22250699996948242,0.07805421948432922
0.06542538106441498,0.2066783905029297,-0.1412530094385147
0.28962600231170654,0.2235267162322998,0.06609928607940674
0.10533656179904938,0.2226271629333496,-0.11729060113430023
0.4291766881942749,0.32568883895874023,0.10348784923553467
0.2725048065185547,0.2830533981323242,-0.010548591613769531
0.12825192511081696,0.17273235321044922,-0.04448042809963226
0.08268243074417114,0.27286815643310547,-0.19018572568893433
0.3869823217391968,0.20700621604919434,0.17997610569000244
0.2468099147081375,0.23701810836791992,0.00979180634021759
0.3896207809448242,0.22576284408569336,0.16385793685913086
0.027875743806362152,0.2231919765472412,-0.19531623274087906
0.27896246314048767,0.27866363525390625,0.0002988278865814209
0.12035223096609116,0.22009754180908203,-0.09974531084299088
0.16992904245853424,0.23372459411621094,-0.0637955516576767
0.11838775873184204,0.2961592674255371,-0.17777150869369507
0.5446521043777466,0.3100419044494629,0.2346101999282837
0.39223310351371765,0.26599979400634766,0.12623330950737
0.20522162318229675,0.20113325119018555,0.004088371992111206
0.28062912821769714,0.2398219108581543,0.04080721735954285
0.02747344598174095,0.20658540725708008,-0.17911196127533913
0.38096874952316284,0.24570512771606445,0.1352636218070984
0.22787052392959595,0.26494598388671875,-0.0370754599571228
0.24716518819332123,0.27244138717651367,-0.025276198983192444
0.2912299633026123,0.2231588363647461,0.06807112693786621
0.4182780385017395,0.28365063667297363,0.13462740182876587
0.5484243631362915,0.25832390785217285,0.29010045528411865
0.2215747982263565,0.24709701538085938,-0.02552221715450287
0.14101576805114746,0.2558860778808594,-0.11487030982971191
0.23151732981204987,0.20182466506958008,0.029692664742469788
0.24798546731472015,0.25853681564331055,-0.010551348328590393
0.28014326095581055,0.20277070999145508,0.07737255096435547
0.1112874448299408,0.2099289894104004,-0.0986415445804596
0.23190395534038544,0.35141563415527344,-0.119511678814888
0.11414533853530884,0.19689416885375977,-0.08274883031845093
0.5442394018173218,0.26240015029907227,0.2818392515182495
0.4136542081832886,0.31930971145629883,0.09434449672698975
0.18502308428287506,0.36298704147338867,-0.1779639571905136
0.3155612051486969,0.2875833511352539,0.027977854013442993
0.29482975602149963,0.35026001930236816,-0.05543026328086853
0.4906552731990814,0.3850572109222412,0.10559806227684021
0.418042927980423,0.23417258262634277,0.1838703453540802
0.3781474232673645,0.25011110305786133,0.12803632020950317
0.3872174322605133,0.2934913635253906,0.09372606873512268
0.19917145371437073,0.20685195922851562,-0.0076805055141448975
0.4880429208278656,0.2428605556488037,0.2451823651790619
0.3740983009338379,0.29055094718933105,0.08354735374450684
0.18549330532550812,0.23845338821411133,-0.05296008288860321
0.07307950407266617,0.26494646072387695,-0.19186695665121078
0.5900805592536926,0.3587913513183594,0.23128920793533325
0.08208159357309341,0.24339580535888672,-0.1613142117857933
0.31346091628074646,0.20851850509643555,0.10494241118431091
0.18994992971420288,0.2859194278717041,-0.09596949815750122
0.2869980037212372,0.30028867721557617,-0.01329067349433899
0.5145058631896973,0.34205055236816406,0.1724553108215332
0.16786529123783112,0.32856321334838867,-0.16069792211055756
0.4526301920413971,0.21689987182617188,0.23573032021522522
0.26645463705062866,0.21582460403442383,0.050630033016204834
0.34165316820144653,0.3221275806427002,0.019525587558746338
0.4598454535007477,0.25873827934265137,0.2011071741580963
0.2728444039821625,0.2912411689758301,-0.018396764993667603
0.3201850354671478,0.2779805660247803,0.042204469442367554
0.18411920964717865,0.23550724983215332,-0.05138804018497467
0.37400949001312256,0.40235185623168945,-0.028342366218566895
0.559521496295929,0.3103599548339844,0.24916154146194458
0.3391505479812622,0.3185877799987793,0.02056276798248291
0.6015278100967407,0.29002952575683594,0.3114982843399048
0.19393113255500793,0.2737443447113037,-0.07981321215629578
0.22053509950637817,0.33612489700317383,-0.11558979749679565
0.022978056222200394,0.2338886260986328,-0.21091056987643242
0.1495506763458252,0.23804473876953125,-0.08849406242370605
0.48256009817123413,0.28793954849243164,0.1946205496788025
0.30137932300567627,0.2519259452819824,0.04945337772369385
0.4670114815235138,0.32333970069885254,0.14367178082466125
0.3033333420753479,0.2887406349182129,0.01459270715713501
0.3089864253997803,0.3103976249694824,-0.0014111995697021484
0.1047648936510086,0.24324274063110352,-0.1384778469800949
0.35357367992401123,0.2672543525695801,0.08631932735443115
0.5395925045013428,0.23209023475646973,0.30750226974487305
0.468254953622818,0.32700252532958984,0.14125242829322815
0.013855799101293087,0.22325420379638672,-0.20939840469509363
0.12224660068750381,0.23935937881469727,-0.11711277812719345
0.3252037763595581,0.3275303840637207,-0.0023266077041625977
0.35113897919654846,0.23012375831604004,0.12101522088050842
0.3443260192871094,0.22045040130615234,0.12387561798095703
0.1583176553249359,0.3831026554107666,-0.2247850000858307
0.012936258688569069,0.20888328552246094,-0.19594702683389187
0.11156740039587021,0.33740997314453125,-0.22584257274866104
0.0965726226568222,0.2142200469970703,-0.11764742434024811
0.03699059411883354,0.23516559600830078,-0.19817500188946724
0.011556948535144329,0.1986711025238037,-0.18711415398865938
0.2811598777770996,0.24008464813232422,0.04107522964477539
0.14547544717788696,0.30403900146484375,-0.1585635542869568
0.4988296627998352,0.30219507217407227,0.19663459062576294
0.6351932883262634,0.25975465774536133,0.3754386305809021
0.11583071947097778,0.25992321968078613,-0.14409250020980835
0.325653076171875,0.2218329906463623,0.1038200855255127
0.10658307373523712,0.19749116897583008,-0.09090809524059296
0.007210031151771545,0.17909574508666992,-0.17188571393489838
0.2561546564102173,0.21729135513305664,0.038863301277160645
0.16862069070339203,0.21453523635864258,-0.04591454565525055
0.020637407898902893,0.24701690673828125,-0.22637949883937836
0.822319746017456,0.2719097137451172,0.5504100322723389
0.3887878656387329,0.2777855396270752,0.11100232601165771
0.12383490055799484,0.2906665802001953,-0.16683167964220047
0.7685161828994751,0.23524999618530273,0.5332661867141724
0.08573667705059052,0.22420406341552734,-0.13846738636493683
0.04180773347616196,0.2397317886352539,-0.19792405515909195
0.2853395938873291,0.2699599266052246,0.015379667282104492
0.21899686753749847,0.36077308654785156,-0.1417762190103531
0.45752352476119995,0.1736769676208496,0.28384655714035034
0.5140438675880432,0.33455824851989746,0.17948561906814575
0.2794044017791748,0.2754940986633301,0.0039103031158447266
0.07246603816747665,0.19141578674316406,-0.11894974857568741
0.06318704038858414,0.2116527557373047,-0.14846571534872055
0.27916404604911804,0.20108890533447266,0.07807514071464539
0.10458724945783615,0.2695901393890381,-0.16500288993120193
0.15265412628650665,0.2506570816040039,-0.09800295531749725
0.7850783467292786,0.3311948776245117,0.45388346910476685
0.5099164247512817,0.2756071090698242,0.23430931568145752
0.32591432332992554,0.24995994567871094,0.0759543776512146
0.16843260824680328,0.2960469722747803,-0.127614364027977
0.6160814762115479,0.27312564849853516,0.3429558277130127
0.48167189955711365,0.2819702625274658,0.19970163702964783
0.16341692209243774,0.2764897346496582,-0.11307281255722046
0.10700104385614395,0.22643470764160156,-0.11943366378545761
0.23732496798038483,0.314378023147583,-0.07705305516719818
0.30169278383255005,0.3040342330932617,-0.00234144926071167
0.2536468207836151,0.2945842742919922,-0.040937453508377075
0.22354231774806976,0.20437335968017578,0.019168958067893982
0.5581818222999573,0.32189273834228516,0.23628908395767212
0.13589341938495636,0.2918219566345215,-0.15592853724956512
0.13591431081295013,0.23038244247436523,-0.0944681316614151
0.2936677038669586,0.2870907783508301,0.00657692551612854
0.32788923382759094,0.3051152229309082,0.02277401089668274
0.33111807703971863,0.3449890613555908,-0.013870984315872192
0.12542319297790527,0.27078795433044434,-0.14536476135253906
0.43666666746139526,0.20052123069763184,0.23614543676376343
0.24763844907283783,0.2874760627746582,-0.039837613701820374
0.10746081173419952,0.2691068649291992,-0.1616460531949997
0.1493207961320877,0.1983506679534912,-0.0490298718214035
0.10036572813987732,0.3809828758239746,-0.2806171476840973
0.0684848502278328,0.17545747756958008,-0.10697262734174728
0.6236363649368286,0.2632880210876465,0.36034834384918213
0.265381395816803,0.3153996467590332,-0.050018250942230225
0.12575757503509521,0.2566494941711426,-0.13089191913604736
0.5028004050254822,0.3110387325286865,0.19176167249679565
0.5442319512367249,0.19817113876342773,0.3460608124732971
0.2589132785797119,0.23441028594970703,0.024502992630004883
0.13643677532672882,0.26037168502807617,-0.12393490970134735
0.6226854920387268,0.27155256271362305,0.35113292932510376
0.11432601511478424,0.17897295951843262,-0.06464694440364838
0.04190177470445633,0.25727105140686035,-0.21536927670240402
0.20653082430362701,0.23246240615844727,-0.02593158185482025
0.34106582403182983,0.30915355682373047,0.031912267208099365
0.024043887853622437,0.23286056518554688,-0.20881667733192444
0.6707001328468323,0.25855493545532227,0.41214519739151
0.5556113123893738,0.22710084915161133,0.32851046323776245
0.34610241651535034,0.22054576873779297,0.12555664777755737
0.44698014855384827,0.30199289321899414,0.14498725533485413
0.2690282166004181,0.2683291435241699,0.0006990730762481689
0.43572622537612915,0.29135584831237793,0.14437037706375122
0.49125391244888306,0.20213007926940918,0.2891238331794739
0.2651306092739105,0.2377910614013672,0.027339547872543335
0.4049425423145294,0.3206601142883301,0.08428242802619934
0.20504702627658844,0.22882413864135742,-0.023777112364768982
0.6976280212402344,0.2562069892883301,0.4414210319519043
0.592643678188324,0.3067760467529297,0.2858676314353943
0.03642633184790611,0.20691919326782227,-0.17049286141991615
0.21528735756874084,0.3373403549194336,-0.12205299735069275
0.13642632961273193,0.22739410400390625,-0.09096777439117432
0.3370114862918854,0.20009946823120117,0.1369120180606842
0.2685057520866394,0.3113219738006592,-0.042816221714019775
0.1578892320394516,0.2395491600036621,-0.08165992796421051
0.07059561461210251,0.3423633575439453,-0.2717677429318428
0.05717868357896805,0.2592008113861084,-0.20202212780714035
0.04838035628199577,0.21115446090698242,-0.16277410462498665
0.133092999458313,0.29938650131225586,-0.16629350185394287
0.3198641538619995,0.17578887939453125,0.14407527446746826
0.06644722819328308,0.2944049835205078,-0.22795775532722473
0.05354231968522072,0.26296520233154297,-0.20942288264632225
0.18015673756599426,0.25763654708862305,-0.07747980952262878
0.370585173368454,0.3088359832763672,0.06174919009208679
0.35202717781066895,0.3065667152404785,0.04546046257019043
0.2855067849159241,0.18631339073181152,0.09919339418411255
0.19894461333751678,0.25124073028564453,-0.05229611694812775
0.11724138259887695,0.3329787254333496,-0.21573734283447266
0.006259143352508545,0.25722241401672363,-0.2509632706642151
0.4174190163612366,0.23532485961914062,0.18209415674209595
0.58470219373703,0.2620420455932617,0.3226601481437683
0.48127481341362,0.27649831771850586,0.20477649569511414
0.12619644403457642,0.2661278247833252,-0.13993138074874878
0.2675444185733795,0.2810547351837158,-0.013510316610336304
0.24096134305000305,0.17721819877624512,0.06374314427375793
0.13050156831741333,0.22525596618652344,-0.09475439786911011
0.21677115559577942,0.26112890243530273,-0.044357746839523315
0.03579937294125557,0.2381877899169922,-0.20238841697573662
0.07286311686038971,0.2584724426269531,-0.18560932576656342
0.2742215394973755,0.276824951171875,-0.0026034116744995117
0.5714629292488098,0.30298566818237305,0.26847726106643677
0.45535004138946533,0.2975320816040039,0.15781795978546143
0.1273772269487381,0.25762462615966797,-0.13024739921092987
0.2518808841705322,0.28847408294677734,-0.03659319877624512
0.10972831398248672,0.19400334358215332,-0.0842750295996666
0.157669797539711,0.34087491035461426,-0.18320511281490326
0.1287042796611786,0.17834210395812988,-0.049637824296951294
0.3231765925884247,0.22099590301513672,0.10218068957328796
0.2213270664215088,0.3009333610534668,-0.07960629463195801
0.22444096207618713,0.21310758590698242,0.011333376169204712
0.00909090880304575,0.271242618560791,-0.26215170975774527
0.2434169352054596,0.3193483352661133,-0.07593140006065369
0.21858933568000793,0.2867131233215332,-0.06812378764152527
0.13216300308704376,0.2605915069580078,-0.12842850387096405
0.4317450225353241,0.25516533851623535,0.17657968401908875
0.03809822350740433,0.29171037673950195,-0.2536121532320976
0.532957136631012,0.23987245559692383,0.29308468103408813
0.24549634754657745,0.3444325923919678,-0.09893624484539032
0.3690386712551117,0.2538890838623047,0.115149587392807
0.21172413229942322,0.23967313766479492,-0.027949005365371704
0.23216301202774048,0.24111723899841309,-0.008954226970672607
0.18447230756282806,0.2088313102722168,-0.024359002709388733
0.3104493319988251,0.2639589309692383,0.04649040102958679
0.19869384169578552,0.30921149253845215,-0.11051765084266663
0.3756321966648102,0.22472071647644043,0.15091148018836975
0.1389446258544922,0.26032400131225586,-0.12137937545776367
0.1000835970044136,0.24226880073547363,-0.14218520373106003
0.18428422510623932,0.2859532833099365,-0.1016690582036972
0.37792059779167175,0.25409579277038574,0.12382480502128601
0.07123301923274994,0.3687725067138672,-0.29753948748111725
0.5764158964157104,0.30652523040771484,0.2698906660079956
0.09529780596494675,0.2234206199645996,-0.12812281399965286
0.5331661701202393,0.23792195320129395,0.2952442169189453
0.616269588470459,0.3584249019622803,0.2578446865081787
0.2959561049938202,0.19248628616333008,0.10346981883049011
0.11975966393947601,0.2353801727294922,-0.11562050879001617
0.1619749218225479,0.22910642623901367,-0.06713150441646576
0.039592474699020386,0.3029663562774658,-0.26337388157844543
0.004002090077847242,0.18474245071411133,-0.18074036063626409
0.20731452107429504,0.2677443027496338,-0.060429781675338745
0.7345036864280701,0.2905864715576172,0.4439172148704529
0.15800417959690094,0.22767162322998047,-0.06966744363307953
0.043030302971601486,0.29242539405822754,-0.24939509108662605
0.6818495392799377,0.22806119918823242,0.4537883400917053
0.17038662731647491,0.20653152465820312,-0.03614489734172821
0.195120170712471,0.1970205307006836,-0.0019003599882125854
0.29371994733810425,0.24309611320495605,0.05062383413314819
0.4265517294406891,0.3108675479888916,0.11568418145179749
0.5946186184883118,0.27611207962036133,0.31850653886795044
0.0023093000054359436,0.21178483963012695,-0.209475539624691
0.08174503594636917,0.22646808624267578,-0.1447230502963066
0.5916091799736023,0.2660188674926758,0.3255903124809265
0.08035527914762497,0.179595947265625,-0.09924066811800003
0.555496335029602,0.27614331245422363,0.2793530225753784
0.0715569481253624,0.24646639823913574,-0.17490945011377335
0.07269592583179474,0.24437832832336426,-0.17168240249156952
0.3636050224304199,0.28647422790527344,0.07713079452514648
0.0474085696041584,0.2631855010986328,-0.2157769314944744
0.2063113898038864,0.29062867164611816,-0.08431728184223175
0.2930198609828949,0.24523687362670898,0.04778298735618591
0.40618598461151123,0.24643898010253906,0.15974700450897217
0.029373040422797203,0.21487021446228027,-0.18549717403948307
0.13875652849674225,0.18120288848876953,-0.04244635999202728
0.374973863363266,0.3671607971191406,0.007813066244125366
0.005057471338659525,0.2893366813659668,-0.28427921002730727
0.2569592595100403,0.22408509254455566,0.03287416696548462
0.33879831433296204,0.2554285526275635,0.08336976170539856
0.28056424856185913,0.29120326042175293,-0.010639011859893799
0.23940439522266388,0.26792287826538086,-0.02851848304271698
0.25896552205085754,0.2455615997314453,0.013403922319412231
0.1334482729434967,0.32143735885620117,-0.18798908591270447
0.42922675609588623,0.2888343334197998,0.14039242267608643
0.6283594369888306,0.23991703987121582,0.38844239711761475
0.09900731593370438,0.28119826316833496,-0.18219094723463058
0.30870428681373596,0.29956912994384766,0.009135156869888306
0.24652037024497986,0.3234133720397949,-0.07689300179481506
0.6922152638435364,0.27748560905456543,0.41472965478897095
0.215109720826149,0.20215845108032227,0.012951269745826721
0.6411494016647339,0.3681192398071289,0.273030161857605
0.03947753459215164,0.24723529815673828,-0.20775776356458664
0.15352141857147217,0.301849365234375,-0.14832794666290283
0.4689968526363373,0.3188009262084961,0.1501959264278412
0.3195820152759552,0.2142477035522461,0.1053343117237091
0.05847439914941788,0.24170875549316406,-0.18323435634374619
0.4004911184310913,0.26985979080200195,0.13063132762908936
0.6028004288673401,0.2572169303894043,0.3455834984779358
0.36949843168258667,0.2727088928222656,0.09678953886032104
0.33119121193885803,0.24429798126220703,0.086893230676651
0.582675039768219,0.2573709487915039,0.3253040909767151
0.3277847468852997,0.2898244857788086,0.03796026110649109
0.07052246481180191,0.21962785720825195,-0.14910539239645004
0.03042842261493206,0.1619269847869873,-0.13149856217205524
0.19361546635627747,0.28700923919677734,-0.09339377284049988
0.2565935254096985,0.19742774963378906,0.059165775775909424
0.39081504940986633,0.2846555709838867,0.10615947842597961
0.4243364632129669,0.28545331954956055,0.13888314366340637
0.5872518420219421,0.27837276458740234,0.3088790774345398
0.43812957406044006,0.2671518325805664,0.17097774147987366
0.10752350836992264,0.34187841415405273,-0.2343549057841301
0.2944096028804779,0.22285699844360352,0.07155260443687439
0.06576802581548691,0.32830238342285156,-0.26253435760736465
0.5443364977836609,0.23444390296936035,0.30989259481430054
0.596332311630249,0.22922897338867188,0.36710333824157715
0.008662487380206585,0.24254798889160156,-0.23388550151139498
0.00015673981397412717,0.2185988426208496,-0.21844210280687548
0.5959143042564392,0.17917084693908691,0.4167434573173523
0.5552769303321838,0.2910647392272949,0.2642121911048889
0.34501567482948303,0.23355484008789062,0.11146083474159241
0.4261232912540436,0.25707292556762695,0.16905036568641663
0.2900731563568115,0.25342750549316406,0.03664565086364746
0.17656217515468597,0.279665470123291,-0.10310329496860504
0.46024033427238464,0.3023679256439209,0.15787240862846375
0.07189133018255234,0.26125335693359375,-0.1893620267510414
0.0435318686068058,0.3056521415710449,-0.2621202729642391
0.24829676747322083,0.2660946846008301,-0.017797917127609253
0.17044931650161743,0.25418519973754883,-0.0837358832359314
0.2816614508628845,0.2702782154083252,0.011383235454559326
0.09595610946416855,0.32024574279785156,-0.22428963333368301
0.03729362413287163,0.23067331314086914,-0.1933796890079975
0.022748172283172607,0.22570562362670898,-0.20295745134353638
0.3173145353794098,0.3241429328918457,-0.006828397512435913
0.2945350110530853,0.2495560646057129,0.044978946447372437
0.13180772960186005,0.1959676742553711,-0.06415994465351105
0.01346917450428009,0.24177932739257812,-0.22831015288829803
0.43717867136001587,0.25687599182128906,0.1803026795387268
0.4083907902240753,0.3176746368408203,0.090716153383255
0.414326012134552,0.26801347732543945,0.14631253480911255
0.11724138259887695,0.21953487396240234,-0.10229349136352539
0.0355590395629406,0.25051426887512207,-0.21495522931218147
0.7483385801315308,0.3133401870727539,0.43499839305877686
0.19225704669952393,0.20817136764526367,-0.015914320945739746
0.020731452852487564,0.27715229988098145,-0.2564208470284939
0.11495298147201538,0.24898672103881836,-0.13403373956680298
0.12297805398702621,0.21604633331298828,-0.09306827932596207
0.3127168118953705,0.2585458755493164,0.05417093634605408
0.6715569496154785,0.35156965255737305,0.31998729705810547
0.07326018810272217,0.14754676818847656,-0.0742865800857544
0.16319748759269714,0.37036561965942383,-0.20716813206672668
0.23948797583580017,0.2682070732116699,-0.02871909737586975
0.3497283160686493,0.3049430847167969,0.04478523135185242
0.9279937148094177,0.22024774551391602,0.7077459692955017
0.5407000780105591,0.3151254653930664,0.22557461261749268
0.05643678084015846,0.2309880256652832,-0.17455124482512474
0.36894461512565613,0.2689321041107178,0.10001251101493835
0.17827586829662323,0.19901442527770996,-0.02073855698108673
0.24536050856113434,0.279951810836792,-0.034591302275657654
0.21637408435344696,0.21953725814819336,-0.003163173794746399
0.7329153418540955,0.3044769763946533,0.42843836545944214
0.19334378838539124,0.29466867446899414,-0.1013248860836029
0.4890282154083252,0.27768516540527344,0.21134305000305176
0.08810867369174957,0.24070143699645996,-0.1525927633047104
0.4358307123184204,0.2376713752746582,0.1981593370437622
0.23005276918411255,0.24773192405700684,-0.017679154872894287
0.10820271819829941,0.21738839149475098,-0.10918567329645157
0.5961964726448059,0.39577722549438477,0.20041924715042114
0.08115987479686737,0.2722129821777344,-0.191053107380867
0.10300940275192261,0.3088359832763672,-0.20582658052444458
0.10050156712532043,0.2135758399963379,-0.11307427287101746
0.2699581980705261,0.323422908782959,-0.05346471071243286
0.20615464448928833,0.33139753341674805,-0.12524288892745972
0.6034378409385681,0.2878561019897461,0.315581738948822
0.2932497262954712,0.30623316764831543,-0.012983441352844238
0.008328109048306942,0.28772735595703125,-0.2793992469087243
0.22501567006111145,0.20753192901611328,0.01748374104499817
0.054796237498521805,0.24779224395751953,-0.19299600645899773
0.23824451863765717,0.24430441856384277,-0.006059899926185608
0.3868129551410675,0.2757587432861328,0.11105421185493469
0.48517242074012756,0.30298709869384766,0.1821853220462799
0.01908046007156372,0.4003024101257324,-0.3812219500541687
0.06145245581865311,0.2566680908203125,-0.1952156350016594
0.2343469113111496,0.2170577049255371,0.017289206385612488
0.04102403298020363,0.26740026473999023,-0.2263762317597866
0.04763845354318619,0.21293926239013672,-0.16530080884695053
0.18961337208747864,0.30643272399902344,-0.1168193519115448
0.2433333396911621,0.26175808906555176,-0.01842474937438965
0.6457157731056213,0.2946922779083252,0.35102349519729614
0.6564890146255493,0.2959127426147461,0.3605762720108032
0.13149425387382507,0.20270705223083496,-0.07121279835700989
0.014242424629628658,0.203704833984375,-0.18946240935474634
0.5169278979301453,0.23795032501220703,0.27897757291793823
0.16284221410751343,0.2807459831237793,-0.11790376901626587
0.5520585179328918,0.278256893157959,0.27380162477493286
0.5857262015342712,0.3132607936859131,0.27246540784835815
0.354399174451828,0.2775416374206543,0.0768575370311737
0.02013584040105343,0.2498774528503418,-0.22974161244928837
0.7175025939941406,0.3357868194580078,0.3817157745361328
0.009885057806968689,0.2649378776550293,-0.2550528198480606
0.3045141100883484,0.33591723442077637,-0.03140312433242798
0.5708150267601013,0.25424671173095703,0.3165683150291443
0.24625913798809052,0.2164924144744873,0.02976672351360321
0.4655276834964752,0.2262868881225586,0.23924079537391663
0.46548590064048767,0.19667339324951172,0.26881250739097595
0.008599790744483471,0.25693225860595703,-0.24833246786147356
0.38874608278274536,0.28298401832580566,0.1057620644569397
0.10085684061050415,0.2224280834197998,-0.12157124280929565
0.07524555921554565,0.2829298973083496,-0.20768433809280396
0.030741902068257332,0.2367696762084961,-0.20602777414023876
0.060114942491054535,0.2718796730041504,-0.21176473051309586
0.32223615050315857,0.31554102897644043,0.00669512152671814
0.09011494368314743,0.17125177383422852,-0.08113683015108109
0.45722049474716187,0.2276020050048828,0.22961848974227905
0.19596655666828156,0.25183558464050293,-0.055869027972221375
0.330720990896225,0.2642204761505127,0.06650051474571228
0.4517345726490021,0.30968332290649414,0.14205124974250793
0.038568444550037384,0.27564573287963867,-0.2370772883296013
0.23489028215408325,0.2767488956451416,-0.04185861349105835
0.877899706363678,0.35055994987487793,0.5273397564888
0.11212120950222015,0.2672238349914551,-0.15510262548923492
0.32648903131484985,0.341871976852417,-0.015382945537567139
0.3789237141609192,0.23081684112548828,0.1481068730354309
0.3560815155506134,0.262345552444458,0.0937359631061554
0.23213165998458862,0.24863958358764648,-0.01650792360305786
0.045444097369909286,0.24091768264770508,-0.1954735852777958
0.086698018014431,0.24517059326171875,-0.15847257524728775
0.4229780435562134,0.2168879508972168,0.20609009265899658
0.1514524519443512,0.34797143936157227,-0.19651898741722107
0.31113898754119873,0.21441173553466797,0.09672725200653076
0.34756532311439514,0.24379444122314453,0.10377088189125061
0.08281086385250092,0.23715972900390625,-0.15434886515140533
0.21073144674301147,0.2060072422027588,0.0047242045402526855
0.04283176735043526,0.24921560287475586,-0.2063838355243206
0.328704297542572,0.33165836334228516,-0.0029540657997131348
0.19926854968070984,0.3218963146209717,-0.12262776494026184
0.10041797161102295,0.3277909755706787,-0.22737300395965576
0.05802507698535919,0.1779031753540039,-0.11987809836864471
0.11463949829339981,0.22333908081054688,-0.10869958251714706
0.461159884929657,0.22467470169067383,0.23648518323898315
0.2291536033153534,0.24716520309448242,-0.01801159977912903
0.3353813886642456,0.1799149513244629,0.15546643733978271
0.2807210087776184,0.24598073959350586,0.03474026918411255
0.1751619577407837,0.23594427108764648,-0.06078231334686279
0.44222569465637207,0.21157026290893555,0.23065543174743652
0.6343991756439209,0.2444782257080078,0.3899209499359131
0.798108696937561,0.24971938133239746,0.5483893156051636
0.5717659592628479,0.2944939136505127,0.2772720456123352
0.2522884011268616,0.38407421112060547,-0.1317858099937439
0.4735214114189148,0.25159287452697754,0.22192853689193726
0.20600835978984833,0.24199724197387695,-0.035988882184028625
0.38648903369903564,0.2641458511352539,0.12234318256378174
0.14490072429180145,0.22525668144226074,-0.08035595715045929
0.07714733481407166,0.19305419921875,-0.11590686440467834
0.026269592344760895,0.21044230461120605,-0.18417271226644516
0.21066875755786896,0.2682180404663086,-0.057549282908439636
0.04929989576339722,0.2515425682067871,-0.2022426724433899
0.05217345803976059,0.2775096893310547,-0.2253362312912941
0.14531870186328888,0.27493906021118164,-0.12962035834789276
0.14966562390327454,0.27440547943115234,-0.12473985552787781
0.20491118729114532,0.2875251770019531,-0.0826139897108078
0.22026123106479645,0.22007226943969727,0.00018896162509918213
0.16925810277462006,0.2945375442504883,-0.12527944147586823
0.1950574666261673,0.17979669570922852,0.015260770916938782
0.14657261967658997,0.22187280654907227,-0.0753001868724823
0.1593416929244995,0.22552251815795898,-0.06618082523345947
0.17949843406677246,0.27415895462036133,-0.09466052055358887
0.16437827050685883,0.21541953086853027,-0.05104126036167145
0.0366562157869339,0.20066094398498535,-0.16400472819805145
0.09762800484895706,0.22484040260314941,-0.12721239775419235
0.1384952962398529,0.2604656219482422,-0.12197032570838928
0.24908046424388885,0.26284217834472656,-0.013761714100837708
0.46931034326553345,0.2574295997619629,0.21188074350357056
0.6354649662971497,0.28334593772888184,0.3521190285682678
0.5306373834609985,0.3077731132507324,0.2228642702102661
0.3017136752605438,0.33550405502319336,-0.033790379762649536
0.031494252383708954,0.19555163383483887,-0.1640573814511299
0.02706374041736126,0.20984363555908203,-0.18277989514172077
0.1901567429304123,0.3523695468902588,-0.1622128039598465
0.3508986532688141,0.24049806594848633,0.11040058732032776
0.19178684055805206,0.3118915557861328,-0.12010471522808075
0.16307209432125092,0.26405858993530273,-0.10098649561405182
0.22620689868927002,0.21206021308898926,0.014146685600280762
0.44290491938591003,0.2956070899963379,0.14729782938957214
0.07140021026134491,0.28525686264038086,-0.21385665237903595
0.09653082489967346,0.2653207778930664,-0.16878995299339294
0.6644304990768433,0.22783493995666504,0.4365955591201782
0.3969697058200836,0.21564078330993652,0.1813289225101471
0.13990595936775208,0.19280624389648438,-0.0529002845287323
0.19832810759544373,0.22993803024291992,-0.031609922647476196
0.3721212148666382,0.31076836585998535,0.06135284900665283
0.16640543937683105,0.23900461196899414,-0.07259917259216309
0.4969383478164673,0.22399377822875977,0.2729445695877075
0.2629989683628082,0.21189403533935547,0.05110493302345276
0.4237826466560364,0.2709476947784424,0.152834951877594
0.46514105796813965,0.35125303268432617,0.11388802528381348
0.45437827706336975,0.34348440170288086,0.11089387536048889
0.40281087160110474,0.2126755714416504,0.19013530015945435
0.06005224585533142,0.25059938430786133,-0.1905471384525299
0.2186938375234604,0.22803997993469238,-0.009346142411231995
0.11749216169118881,0.24269652366638184,-0.12520436197519302
0.015611285343766212,0.16611504554748535,-0.15050376020371914
0.09831766039133072,0.23913097381591797,-0.14081331342458725
0.1352769136428833,0.2790963649749756,-0.14381945133209229
0.1506374031305313,0.30863094329833984,-0.15799354016780853
0.22135841846466064,0.2919650077819824,-0.07060658931732178
0.22632184624671936,0.18130970001220703,0.04501214623451233
0.20001044869422913,0.33835649490356445,-0.13834604620933533
0.24513061344623566,0.2300717830657959,0.015058830380439758
0.21522465348243713,0.307309627532959,-0.09208497405052185
0.34084638953208923,0.29091358184814453,0.0499328076839447
0.0014420063234865665,0.2541835308074951,-0.25274152448400855
0.19068965315818787,0.3228120803833008,-0.13212242722511292
0.378025084733963,0.37648677825927734,0.001538306474685669
0.20018808543682098,0.24947333335876465,-0.049285247921943665
0.1499790996313095,0.22959160804748535,-0.07961250841617584
0.5007628202438354,0.20878195762634277,0.2919808626174927
9.404388401890174e-05,0.2876927852630615,-0.2875987413790426
0.19961337745189667,0.28087472915649414,-0.08126135170459747
0.22990596294403076,0.2516489028930664,-0.021742939949035645
0.2422465980052948,0.26665163040161133,-0.02440503239631653
0.23694880306720734,0.20200061798095703,0.034948185086250305
0.627680242061615,0.24394893646240234,0.38373130559921265
0.25341692566871643,0.19623422622680664,0.05718269944190979
0.1656426340341568,0.23746538162231445,-0.07182274758815765
0.5742946863174438,0.3231825828552246,0.25111210346221924
0.13284221291542053,0.24006271362304688,-0.10722050070762634
0.5032706260681152,0.3500802516937256,0.15319037437438965
0.06110762804746628,0.15608978271484375,-0.09498215466737747
0.06733542680740356,0.2550840377807617,-0.18774861097335815
0.26137930154800415,0.37993931770324707,-0.11856001615524292
0.38679206371307373,0.27060437202453613,0.1161876916885376
0.09303030371665955,0.24460220336914062,-0.15157189965248108
0.3223719894886017,0.22883105278015137,0.09354093670845032
0.5799477696418762,0.26924705505371094,0.3107007145881653
0.019749216735363007,0.24054431915283203,-0.22079510241746902
0.026227794587612152,0.15419530868530273,-0.12796751409769058
0.0,0.20597076416015625,-0.20597076416015625
0.10562173277139664,0.2638227939605713,-0.15820106118917465
0.11755485832691193,0.3272523880004883,-0.20969752967357635
0.658275842666626,0.29649996757507324,0.36177587509155273
0.4068652093410492,0.1971731185913086,0.2096920907497406
0.24371996521949768,0.314251184463501,-0.0705312192440033
0.4471891224384308,0.3149228096008301,0.1322663128376007
0.22723093628883362,0.2446908950805664,-0.017459958791732788
0.9206269383430481,0.3252384662628174,0.5953884720802307
0.28288400173187256,0.2859935760498047,-0.003109574317932129
0.5672831535339355,0.2996406555175781,0.2676424980163574
0.5974085927009583,0.33715248107910156,0.2602561116218567
0.6819958090782166,0.3308844566345215,0.35111135244369507
0.08307210355997086,0.2962307929992676,-0.21315868943929672
0.16940438747406006,0.22408509254455566,-0.054680705070495605
0.2748066782951355,0.2725348472595215,0.0022718310356140137
0.4670950770378113,0.3226611614227295,0.1444339156150818
0.08363636583089828,0.24199390411376953,-0.15835753828287125
0.32121211290359497,0.26638126373291016,0.054830849170684814
0.030491117388010025,0.20857620239257812,-0.1780850850045681
0.1358620673418045,0.2231607437133789,-0.0872986763715744
0.13128526508808136,0.21371173858642578,-0.08242647349834442
0.3924555778503418,0.2817239761352539,0.11073160171508789
0.8144513964653015,0.24848365783691406,0.5659677386283875
0.09692789614200592,0.29639530181884766,-0.19946740567684174
0.39907002449035645,0.2740976810455322,0.12497234344482422
0.05134796351194382,0.137969970703125,-0.08662200719118118
0.20728318393230438,0.3076286315917969,-0.10034544765949249
0.30316615104675293,0.2461700439453125,0.05699610710144043
0.34567397832870483,0.2574763298034668,0.08819764852523804
0.24419017136096954,0.2083415985107422,0.035848572850227356
0.21887147426605225,0.276186466217041,-0.05731499195098877
0.12330198287963867,0.2556588649749756,-0.13235688209533691
0.09239289164543152,0.27521562576293945,-0.18282273411750793
0.15602925419807434,0.2692267894744873,-0.11319753527641296
0.4541274905204773,0.2809641361236572,0.17316335439682007
0.11810867488384247,0.3162989616394043,-0.19819028675556183
0.7573458552360535,0.28270697593688965,0.4746388792991638
0.2920898497104645,0.22545719146728516,0.06663265824317932
0.18924765288829803,0.29932713508605957,-0.11007948219776154
0.10574712604284286,0.22432851791381836,-0.1185813918709755
0.3431556820869446,0.23414278030395508,0.1090129017829895
0.07629048824310303,0.23185396194458008,-0.15556347370147705
0.205893412232399,0.29065513610839844,-0.08476172387599945
0.011912225745618343,0.2616283893585205,-0.24971616361290216
0.023092998191714287,0.24673795700073242,-0.22364495880901814
0.5719226598739624,0.3165004253387451,0.2554222345352173
0.28142109513282776,0.28564453125,-0.004223436117172241
0.06785789132118225,0.14814972877502441,-0.08029183745384216
0.050010450184345245,0.26590728759765625,-0.215896837413311
0.0012643678346648812,0.21646785736083984,-0.21520348952617496
0.7555485963821411,0.2668941020965576,0.4886544942855835
0.9212539196014404,0.3602781295776367,0.5609757900238037
0.25897595286369324,0.29854869842529297,-0.03957274556159973
0.3045036494731903,0.29634618759155273,0.008157461881637573
0.36490073800086975,0.2691211700439453,0.09577956795692444
0.3745349943637848,0.21728730201721191,0.15724769234657288
0.06233019754290581,0.23017406463623047,-0.16784386709332466
0.47289445996284485,0.28421807289123535,0.1886763870716095
0.15556949377059937,0.2715163230895996,-0.11594682931900024
0.1272309273481369,0.28442978858947754,-0.15719886124134064
0.025882966816425323,0.21139240264892578,-0.18550943583250046
0.012570532970130444,0.26053619384765625,-0.2479656608775258
0.05893417075276375,0.2611885070800781,-0.20225433632731438
0.4475443959236145,0.3100860118865967,0.13745838403701782
0.6255799531936646,0.2932748794555664,0.33230507373809814
0.08644723147153854,0.25629425048828125,-0.1698470190167427
0.2241797298192978,0.27746057510375977,-0.053280845284461975
0.4151097238063812,0.26338815689086914,0.15172156691551208
0.3251515030860901,0.32481908798217773,0.0003324151039123535
0.617324948310852,0.2787179946899414,0.33860695362091064
0.2052142173051834,0.3167276382446289,-0.1115134209394455
0.45306164026260376,0.2524843215942383,0.20057731866836548
0.11989551037549973,0.3215479850769043,-0.20165247470140457
0.3771055340766907,0.2857074737548828,0.09139806032180786
0.017722047865390778,0.28018617630004883,-0.26246412843465805
0.1438349038362503,0.18935108184814453,-0.045516178011894226
0.5558411478996277,0.3270597457885742,0.22878140211105347
0.05654127523303032,0.17584562301635742,-0.1193043477833271
0.33616510033607483,0.31369900703430176,0.02246609330177307
0.1690073162317276,0.289639949798584,-0.12063263356685638
0.01564263366162777,0.18173694610595703,-0.16609431244432926
0.006729362532496452,0.23153018951416016,-0.2248008269816637
0.7315883040428162,0.2816638946533203,0.44992440938949585
0.769404411315918,0.2852966785430908,0.48410773277282715
0.18995819985866547,0.21648073196411133,-0.026522532105445862
0.44493207335472107,0.26671409606933594,0.17821797728538513
0.011086729355156422,0.23933792114257812,-0.2282511917874217
0.30518287420272827,0.26462292671203613,0.04055994749069214
0.24394984543323517,0.3180241584777832,-0.07407431304454803
0.41427376866340637,0.19779634475708008,0.2164774239063263
0.08747126162052155,0.3290393352508545,-0.24156807363033295
0.2022884041070938,0.2637310028076172,-0.061442598700523376
0.3327272832393646,0.2577250003814697,0.0750022828578949
0.3319605588912964,0.28705930709838867,0.044901251792907715
0.3030083477497101,0.2921867370605469,0.010821610689163208
0.25672006607055664,0.31064915657043457,-0.05392909049987793
0.2017994374036789,0.2393810749053955,-0.037581637501716614
0.1540660262107849,0.24070310592651367,-0.08663707971572876
0.1981685906648636,0.247788667678833,-0.04962007701396942
0.1952330470085144,0.1976480484008789,-0.002415001392364502
0.21870426833629608,0.22777462005615234,-0.009070351719856262
0.26419517397880554,0.2530977725982666,0.01109740138053894
0.16942326724529266,0.24806809425354004,-0.07864482700824738
0.24240507185459137,0.3177313804626465,-0.07532630860805511
0.19343554973602295,0.2635006904602051,-0.07006514072418213
0.3432087004184723,0.28678035736083984,0.056428343057632446
0.18392382562160492,0.2692098617553711,-0.08528603613376617
0.2583555579185486,0.24927425384521484,0.00908130407333374
0.24642576277256012,0.22975659370422363,0.016669169068336487
0.15740883350372314,0.23997211456298828,-0.08256328105926514
0.18012984097003937,0.3387131690979004,-0.15858332812786102
0.3573805093765259,0.30576467514038086,0.05161583423614502
0.28002437949180603,0.22190284729003906,0.05812153220176697
0.17889799177646637,0.1931591033935547,-0.014261111617088318
0.3379111588001251,0.18795013427734375,0.14996102452278137
0.1965140402317047,0.2685532569885254,-0.07203921675682068
0.3562700152397156,0.2559177875518799,0.1003522276878357
0.2948164939880371,0.22001242637634277,0.07480406761169434
0.3426039516925812,0.24626564979553223,0.09633830189704895
0.564441442489624,0.30922412872314453,0.2552173137664795
0.34166690707206726,0.22442102432250977,0.1172458827495575
0.3019798696041107,0.2429213523864746,0.05905851721763611
0.28816381096839905,0.28804707527160645,0.00011673569679260254
0.3973347246646881,0.21834611892700195,0.17898860573768616
0.17084671556949615,0.2535972595214844,-0.08275054395198822
0.24717624485492706,0.1957700252532959,0.051406219601631165
0.06968620419502258,0.14044666290283203,-0.07076045870780945
0.1942819505929947,0.25365781784057617,-0.05937586724758148
0.21907466650009155,0.26175808906555176,-0.042683422565460205
0.2557693421840668,0.24245643615722656,0.01331290602684021
0.2715308368206024,0.3279576301574707,-0.056426793336868286
0.18006865680217743,0.1654825210571289,0.014586135745048523
0.21895204484462738,0.23398542404174805,-0.015033379197120667
0.08449748903512955,0.24246835708618164,-0.1579708680510521
0.24653348326683044,0.2726473808288574,-0.026113897562026978
0.2793729901313782,0.23944568634033203,0.03992730379104614
0.030038056895136833,0.23009681701660156,-0.20005876012146473
0.06056545674800873,0.21110844612121582,-0.1505429893732071
0.3782636523246765,0.14638328552246094,0.23188036680221558
0.15144948661327362,0.17938733100891113,-0.027937844395637512
0.10205337405204773,0.2024831771850586,-0.10042980313301086
0.1360301822423935,0.22281122207641602,-0.08678103983402252
0.2435523122549057,0.18358707427978516,0.059965237975120544
0.14453312754631042,0.2918076515197754,-0.14727452397346497
0.11733776330947876,0.21476125717163086,-0.0974234938621521
0.14978942275047302,0.2646446228027344,-0.11485520005226135
0.2019146978855133,0.1989891529083252,0.0029255449771881104
0.11770892143249512,0.1884918212890625,-0.07078289985656738
0.1065967008471489,0.23200368881225586,-0.12540698796510696
0.1865793913602829,0.13936614990234375,0.04721324145793915
0.12517951428890228,0.19732666015625,-0.07214714586734772
0.21751131117343903,0.20482516288757324,0.012686148285865784
0.15766803920269012,0.15810585021972656,-0.000437811017036438
0.1811886578798294,0.1850583553314209,-0.0038696974515914917
0.19822664558887482,0.21819210052490234,-0.019965454936027527
0.1676296591758728,0.2844216823577881,-0.11679202318191528
0.2988533675670624,0.3098452091217041,-0.010991841554641724
0.19585999846458435,0.30119872093200684,-0.10533872246742249
0.06278350949287415,0.22795772552490234,-0.1651742160320282
0.430544376373291,0.22888493537902832,0.2016594409942627
0.3281521499156952,0.24849343299865723,0.07965871691703796
0.20514225959777832,0.2915191650390625,-0.08637690544128418
0.056541379541158676,0.24247264862060547,-0.1859312690794468
0.030476301908493042,0.2295222282409668,-0.19904592633247375
0.17346563935279846,0.3054518699645996,-0.13198623061180115
0.2776516079902649,0.27118825912475586,0.006463348865509033
0.2039852738380432,0.2261180877685547,-0.022132813930511475
0.27257823944091797,0.26850414276123047,0.0040740966796875
0.278322696685791,0.31958556175231934,-0.04126286506652832
0.2673966884613037,0.2522547245025635,0.015141963958740234
0.04073260352015495,0.12123465538024902,-0.08050205186009407
0.35309913754463196,0.22577190399169922,0.12732723355293274
0.23520946502685547,0.3031315803527832,-0.06792211532592773
0.2280115932226181,0.2248702049255371,0.0031413882970809937
0.16688519716262817,0.23285555839538574,-0.06597036123275757
0.18910615146160126,0.3080453872680664,-0.11893923580646515
0.18192344903945923,0.2356724739074707,-0.053749024868011475
0.18369247019290924,0.3019094467163086,-0.11821697652339935
0.15548846125602722,0.2908596992492676,-0.13537123799324036
0.2084989994764328,0.200653076171875,0.0078459233045578
0.39526262879371643,0.21118927001953125,0.18407335877418518
0.2118755429983139,0.1991720199584961,0.01270352303981781
0.046941254287958145,0.22506976127624512,-0.17812850698828697
0.19715029001235962,0.28139638900756836,-0.08424609899520874
0.22722376883029938,0.25658082962036133,-0.02935706079006195
0.405330091714859,0.3082880973815918,0.09704199433326721
0.18033799529075623,0.2842674255371094,-0.10392943024635315
0.1617288440465927,0.3436927795410156,-0.1819639354944229
0.18603718280792236,0.19726204872131348,-0.011224865913391113
0.25030162930488586,0.23836755752563477,0.011934071779251099
0.07339053601026535,0.3180546760559082,-0.24466414004564285
0.06451642513275146,0.23532772064208984,-0.17081129550933838
0.18577171862125397,0.30364227294921875,-0.11787055432796478
0.3057277202606201,0.2679452896118164,0.03778243064880371
0.4553378224372864,0.2615227699279785,0.19381505250930786
0.47902393341064453,0.31010866165161133,0.1689152717590332
0.33241474628448486,0.21312355995178223,0.11929118633270264
0.0714508444070816,0.2932624816894531,-0.22181163728237152
0.3625199496746063,0.28080320358276367,0.08171674609184265
0.28515443205833435,0.152923583984375,0.13223084807395935
0.2632894814014435,0.15021753311157227,0.11307194828987122
0.08661047369241714,0.2840399742126465,-0.19742950052022934
0.08114012330770493,0.19055771827697754,-0.10941759496927261
0.2102222591638565,0.2667207717895508,-0.056498512625694275
0.37372055649757385,0.2467799186706543,0.12694063782691956
0.37731078267097473,0.1948850154876709,0.18242576718330383
0.1905263364315033,0.21425724029541016,-0.02373090386390686
0.39771392941474915,0.2864367961883545,0.11127713322639465
0.40727829933166504,0.27062368392944336,0.13665461540222168
0.04073586314916611,0.24801278114318848,-0.20727691799402237
0.4439879059791565,0.33107852935791016,0.11290937662124634
0.27256709337234497,0.24459409713745117,0.0279729962348938
0.22918063402175903,0.24408745765686035,-0.014906823635101318
0.1752900928258896,0.22511577606201172,-0.04982568323612213
0.2161400020122528,0.2587616443634033,-0.04262164235115051
0.24635981023311615,0.24031782150268555,0.006041988730430603
0.2059963047504425,0.14418959617614746,0.061806708574295044
0.06207755580544472,0.20232725143432617,-0.14024969562888145
0.17133034765720367,0.2072291374206543,-0.03589878976345062
0.40082037448883057,0.22320127487182617,0.1776190996170044
0.3111262023448944,0.24486160278320312,0.06626459956169128
0.30098676681518555,0.2914714813232422,0.00951528549194336
0.19675128161907196,0.2299022674560547,-0.03315098583698273
0.29169484972953796,0.31302595138549805,-0.021331101655960083
0.19960056245326996,0.2532525062561035,-0.05365194380283356
0.08979956060647964,0.18725013732910156,-0.09745057672262192
0.25317612290382385,0.3141355514526367,-0.060959428548812866
0.25323793292045593,0.27306389808654785,-0.01982596516609192
0.2666917145252228,0.2545466423034668,0.012145072221755981
0.29454854130744934,0.32985782623291016,-0.035309284925460815
0.20314426720142365,0.2577934265136719,-0.05464915931224823
0.5735613107681274,0.2761211395263672,0.29744017124176025
0.1813051402568817,0.18377447128295898,-0.0024693310260772705
0.17083516716957092,0.220245361328125,-0.04941019415855408
0.08273586630821228,0.19124650955200195,-0.10851064324378967
0.3536818325519562,0.15350627899169922,0.20017555356025696
0.34985047578811646,0.34422826766967773,0.005622208118438721
0.41813862323760986,0.2518749237060547,0.16626369953155518
0.1591462641954422,0.19381999969482422,-0.03467373549938202
0.17964482307434082,0.26186275482177734,-0.08221793174743652
0.17292018234729767,0.24874258041381836,-0.07582239806652069
0.2723196744918823,0.24518108367919922,0.027138590812683105
0.285786896944046,0.26277875900268555,0.023008137941360474
0.18683190643787384,0.23911666870117188,-0.052284762263298035
0.37497222423553467,0.2717735767364502,0.10319864749908447
0.22999843955039978,0.25789308547973633,-0.027894645929336548
0.17735831439495087,0.3228750228881836,-0.14551670849323273
0.23914074897766113,0.2976260185241699,-0.05848526954650879
0.2890355587005615,0.21202445030212402,0.0770111083984375
0.38377976417541504,0.2586555480957031,0.12512421607971191
0.2991321086883545,0.2620201110839844,0.03711199760437012
0.6926994919776917,0.3111910820007324,0.38150840997695923
0.32171830534935,0.3348863124847412,-0.013168007135391235
0.4411131739616394,0.2433302402496338,0.19778293371200562
0.17959730327129364,0.17265033721923828,0.006946966052055359
0.42364785075187683,0.32427120208740234,0.09937664866447449
0.2198542356491089,0.20741558074951172,0.012438654899597168
0.07455040514469147,0.20174551010131836,-0.1271951049566269
0.18487203121185303,0.2544426918029785,-0.06957066059112549
0.18383467197418213,0.2512814998626709,-0.06744682788848877
0.16396695375442505,0.2712249755859375,-0.10725802183151245
0.19148030877113342,0.24438810348510742,-0.052907794713974
0.2845895290374756,0.19016408920288086,0.09442543983459473
0.06630241125822067,0.21538496017456055,-0.14908254891633987
0.2811618149280548,0.21437597274780273,0.06678584218025208
0.27848193049430847,0.2521505355834961,0.026331394910812378
0.23718751966953278,0.2353534698486328,0.0018340498208999634
0.23387053608894348,0.15835905075073242,0.07551148533821106
0.17901912331581116,0.29485464096069336,-0.1158355176448822
0.07202664762735367,0.21054887771606445,-0.13852223008871078
0.16793861985206604,0.22529125213623047,-0.05735263228416443
0.07726463675498962,0.17277050018310547,-0.09550586342811584
0.07620708644390106,0.22571802139282227,-0.1495109349489212
0.21456144750118256,0.27129125595092773,-0.05672980844974518
0.33503177762031555,0.22963380813598633,0.10539796948432922
0.27548933029174805,0.27371740341186523,0.0017719268798828125
0.17963002622127533,0.23691129684448242,-0.05728127062320709
0.16747717559337616,0.2513561248779297,-0.08387894928455353
0.15367868542671204,0.21337556838989258,-0.05969688296318054
0.18235240876674652,0.2876312732696533,-0.1052788645029068
0.22772683203220367,0.3012986183166504,-0.07357178628444672
0.07540645450353622,0.1785745620727539,-0.10316810756921768
0.4337386190891266,0.2510857582092285,0.18265286087989807
0.2421301007270813,0.289600133895874,-0.047470033168792725
0.2610769271850586,0.23418593406677246,0.026890993118286133
0.24011066555976868,0.36278653144836426,-0.12267586588859558
0.32270628213882446,0.24953913688659668,0.07316714525222778
0.28283265233039856,0.23128533363342285,0.05154731869697571
0.19780859351158142,0.26348257064819336,-0.06567397713661194
0.21968871355056763,0.24732589721679688,-0.027637183666229248
0.19358789920806885,0.23184871673583984,-0.038260817527770996
0.3715136647224426,0.1919999122619629,0.17951375246047974
0.20988331735134125,0.24501895904541016,-0.03513564169406891
0.4348922371864319,0.29425048828125,0.14064174890518188
0.23151467740535736,0.261868953704834,-0.030354276299476624
0.2211810052394867,0.2552776336669922,-0.03409662842750549
0.2580316662788391,0.25529909133911133,0.002732574939727783
0.16126589477062225,0.2204151153564453,-0.05914922058582306
0.2880331575870514,0.2152271270751953,0.07280603051185608
0.26537248492240906,0.2932448387145996,-0.027872353792190552
0.4369303584098816,0.23727631568908691,0.19965404272079468
0.33715391159057617,0.24573969841003418,0.09141421318054199
0.1848490983247757,0.2121438980102539,-0.02729479968547821
0.5231162905693054,0.25835394859313965,0.26476234197616577
0.2913725972175598,0.1443314552307129,0.14704114198684692
0.21493837237358093,0.238555908203125,-0.023617535829544067
0.18497297167778015,0.2981133460998535,-0.11314037442207336
0.06182940676808357,0.08079814910888672,-0.018968742340803146
0.15956683456897736,0.19648361206054688,-0.03691677749156952
0.1529914140701294,0.2809872627258301,-0.12799584865570068
0.2709575593471527,0.18463850021362305,0.08631905913352966
0.2770359218120575,0.28170299530029297,-0.004667073488235474
0.2656223773956299,0.19759702682495117,0.06802535057067871
0.4738401770591736,0.29912805557250977,0.17471212148666382
0.44031843543052673,0.2594265937805176,0.18089184165000916
0.16880470514297485,0.19413995742797852,-0.025335252285003662
0.21359002590179443,0.2718949317932129,-0.05830490589141846
0.34464231133461,0.25841569900512695,0.08622661232948303
0.30496445298194885,0.21715426445007324,0.08781018853187561
0.0695437639951706,0.19231224060058594,-0.12276847660541534
0.03219542279839516,0.2528269290924072,-0.22063150629401207
0.3568613827228546,0.2748286724090576,0.082032710313797
0.17636220157146454,0.2776038646697998,-0.10124166309833527
0.2656788229942322,0.15487885475158691,0.11079996824264526
0.17450250685214996,0.16054248809814453,0.013960018754005432
0.3363492786884308,0.26047205924987793,0.07587721943855286
0.06902564316987991,0.22761201858520508,-0.15858637541532516
0.2611382305622101,0.23388910293579102,0.027249127626419067
0.25044357776641846,0.2530531883239746,-0.0026096105575561523
0.23210538923740387,0.30594301223754883,-0.07383762300014496
0.2112494707107544,0.22519683837890625,-0.013947367668151855
0.2161433845758438,0.22355222702026367,-0.007408842444419861
0.34281736612319946,0.2774674892425537,0.06534987688064575
0.3226330280303955,0.29328250885009766,0.02935051918029785
0.31761711835861206,0.24958539009094238,0.06803172826766968
0.2418869584798813,0.27671265602111816,-0.03482569754123688
0.05092344805598259,0.12809038162231445,-0.07716693356633186
0.04578514024615288,0.254885196685791,-0.20910005643963814
0.33588746190071106,0.2586648464202881,0.07722261548042297
0.5518332719802856,0.2120647430419922,0.33976852893829346
0.324298232793808,0.19205713272094727,0.13224110007286072
0.3713401257991791,0.29866886138916016,0.07267126441001892
0.5603495836257935,0.1966266632080078,0.36372292041778564
0.17540721595287323,0.25165414810180664,-0.07624693214893341
0.22902463376522064,0.21912455558776855,0.009900078177452087
0.0679858922958374,0.18421554565429688,-0.11622965335845947
0.19691993296146393,0.2411799430847168,-0.04426001012325287
0.25988897681236267,0.2903776168823242,-0.030488640069961548
0.03423115983605385,0.12734436988830566,-0.09311321005225182
0.0817687138915062,0.17177796363830566,-0.09000924974679947
0.21277786791324615,0.2131357192993164,-0.00035785138607025146
0.1845942884683609,0.17942214012145996,0.00517214834690094
0.05299529805779457,0.2055797576904297,-0.15258445963263512
0.23005276918411255,0.24773192405700684,-0.017679154872894287
0.1856410801410675,0.2358417510986328,-0.05020067095756531
0.20229651033878326,0.18181705474853516,0.020479455590248108
0.16724874079227448,0.25922250747680664,-0.09197376668453217
0.19118578732013702,0.2559220790863037,-0.06473629176616669
0.1856735646724701,0.15572404861450195,0.02994951605796814
0.11750992387533188,0.18818235397338867,-0.0706724300980568
0.3233071565628052,0.1850428581237793,0.13826429843902588
0.17488421499729156,0.18072509765625,-0.005840882658958435
0.14895005524158478,0.2427511215209961,-0.09380106627941132
0.11195281147956848,0.17022252082824707,-0.05826970934867859
0.19589826464653015,0.24663305282592773,-0.05073478817939758
0.11678027361631393,0.21799588203430176,-0.10121560841798782
0.3204960227012634,0.1934652328491211,0.12703078985214233
0.2165903002023697,0.2304096221923828,-0.013819321990013123
0.23248936235904694,0.19415068626403809,0.03833867609500885
0.14791907370090485,0.18477201461791992,-0.036852940917015076
0.1652691811323166,0.2565171718597412,-0.09124799072742462
0.20952673256397247,0.16271591186523438,0.0468108206987381
0.13417676091194153,0.19335269927978516,-0.05917593836784363
0.2184012085199356,0.18773531913757324,0.030665889382362366
0.1493370085954666,0.19544482231140137,-0.04610781371593475
0.3191518187522888,0.1979072093963623,0.12124460935592651
0.1949288547039032,0.19083070755004883,0.00409814715385437
0.21551331877708435,0.23314237594604492,-0.01762905716896057
0.1608973890542984,0.2106490135192871,-0.04975162446498871
0.18584346771240234,0.2545790672302246,-0.06873559951782227
0.14741262793540955,0.24971675872802734,-0.1023041307926178
0.1469975709915161,0.15200090408325195,-0.00500333309173584
0.1756960153579712,0.18963384628295898,-0.013937830924987793
0.15387845039367676,0.22944331169128418,-0.07556486129760742
0.187056764960289,0.251201868057251,-0.06414510309696198
0.19530841708183289,0.3102579116821289,-0.11494949460029602
0.2413608431816101,0.2010936737060547,0.04026716947555542
0.1473943144083023,0.22585105895996094,-0.07845674455165863
0.1809801459312439,0.2262401580810547,-0.04526001214981079
0.1680797040462494,0.2818140983581543,-0.11373439431190491
0.19620747864246368,0.29294252395629883,-0.09673504531383514
0.1949923038482666,0.18829631805419922,0.006695985794067383
0.24239569902420044,0.14256668090820312,0.09982901811599731
0.14898115396499634,0.15983247756958008,-0.01085132360458374
0.16872572898864746,0.1817762851715088,-0.013050556182861328
0.20074240863323212,0.19344615936279297,0.007296249270439148
0.22384309768676758,0.21398591995239258,0.009857177734375
0.14625726640224457,0.1808013916015625,-0.03454412519931793
0.14522691071033478,0.27518129348754883,-0.12995438277721405
0.13009826838970184,0.14538097381591797,-0.015282705426216125
0.1553293615579605,0.20644330978393555,-0.05111394822597504
0.24642792344093323,0.15458345413208008,0.09184446930885315
0.14914943277835846,0.23886680603027344,-0.08971737325191498
0.17519217729568481,0.1521773338317871,0.023014843463897705
