y_true,y_pred,error
0.10753051,0.24279441,-0.13526389
0.1547068,0.22063512,-0.06592831
0.1793957,0.23017855,-0.050782844
0.07438526,0.19011143,-0.115726165
0.1827737,0.21726653,-0.034492835
0.1833484,0.20701168,-0.023663282
0.12606415,0.18969482,-0.06363067
0.116114624,0.22086173,-0.10474711
0.16114882,0.218482,-0.057333186
0.13443513,0.25225365,-0.11781852
0.123648584,0.18519974,-0.061551154
0.13128988,0.27724907,-0.14595918
0.090205535,0.3125884,-0.22238286
0.12011149,0.2561326,-0.1360211
0.16512372,0.27327272,-0.10814901
0.21269947,0.2192441,-0.00654462
0.11902131,0.2823954,-0.16337408
0.18698369,0.23449655,-0.04751286
0.13712624,0.18240237,-0.045276135
0.08658288,0.24020192,-0.15361905
0.11473857,0.15631351,-0.04157494
0.09074693,0.24251606,-0.15176913
0.11509384,0.21074182,-0.095647976
0.11087754,0.25243095,-0.1415534
0.2366196,0.27793592,-0.041316316
0.59792495,0.28814006,0.3097849
0.2219771,0.18791208,0.034065023
0.2193774,0.23684987,-0.017472476
0.149461,0.21256958,-0.06310858
0.2185236,0.37738112,-0.15885751
0.29021335,0.26604587,0.024167478
0.14556122,0.24048227,-0.09492105
0.3298402,0.27233708,0.057503134
0.5768569,0.29719418,0.27966273
0.32817572,0.38496935,-0.05679363
0.12117773,0.16117077,-0.039993033
0.16946404,0.27730414,-0.107840106
0.15795411,0.17815048,-0.020196363
0.2838162,0.193634,0.090182185
0.15895943,0.25477493,-0.095815495
0.23450802,0.20127867,0.03322935
0.07700541,0.22771789,-0.15071249
0.06949539,0.2512511,-0.18175572
0.224626,0.24527223,-0.02064623
0.2700022,0.1966159,0.07338628
0.18752047,0.19136171,-0.0038412362
0.5929646,0.3103662,0.28259838
0.40404606,0.23835084,0.16569522
0.35834596,0.2833643,0.07498166
0.50234807,0.2636879,0.23866016
0.24958943,0.27162534,-0.022035912
0.13350488,0.22080112,-0.08729623
0.22783917,0.20049042,0.027348757
0.6068465,0.30295047,0.30389604
0.22483195,0.27513152,-0.05029957
0.09234501,0.20545399,-0.113108985
0.12970437,0.30291247,-0.1732081
0.27453938,0.2634883,0.011051089
0.016618783,0.17566876,-0.15904997
0.41072318,0.2712178,0.13950539
0.48070446,0.27407825,0.2066262
0.19392286,0.22297043,-0.029047564
0.21063133,0.21040142,0.00022991002
0.15317051,0.29756135,-0.14439084
0.3701746,0.2696294,0.1005452
0.27152255,0.2772209,-0.005698353
0.29924157,0.22300804,0.076233536
0.6059374,0.3752345,0.2307029
0.4940513,0.3696189,0.124432415
0.5402425,0.21720728,0.3230352
0.4738005,0.43342948,0.04037103
0.033369042,0.21654567,-0.18317664
0.22682777,0.19293612,0.033891648
0.16221744,0.2642129,-0.10199547
0.3402216,0.35728654,-0.017064929
0.15567616,0.30481398,-0.14913782
0.39758012,0.266335,0.1312451
0.24023424,0.21714549,0.023088753
0.37965736,0.27935737,0.100299984
0.27371168,0.26511016,0.0086015165
0.23674418,0.3340534,-0.09730922
0.6620398,0.31096688,0.35107294
0.38156435,0.22574553,0.15581882
0.17696142,0.21006359,-0.03310217
0.6116323,0.3487873,0.26284498
0.22176811,0.31277335,-0.091005236
0.14381096,0.2611804,-0.11736944
0.33311608,0.32091975,0.012196332
0.020568626,0.28636426,-0.26579562
0.25605452,0.1855992,0.07045533
0.34849748,0.23444194,0.114055544
0.12035223,0.2518862,-0.13153395
0.14012235,0.15444508,-0.014322728
0.11498651,0.24603704,-0.13105053
0.6758037,0.3473214,0.32848233
0.29963124,0.2711535,0.028477728
0.40691137,0.25538585,0.15152553
0.035479806,0.26849797,-0.23301816
0.22043583,0.36031052,-0.1398747
0.19817573,0.2831284,-0.08495268
0.36963123,0.26497734,0.104653895
0.19996257,0.25604752,-0.056084946
0.18078806,0.34705004,-0.16626199
0.05601054,0.19374485,-0.13773431
0.0554724,0.23433894,-0.17886654
0.20078807,0.23292655,-0.03213848
0.13416101,0.26220348,-0.12804247
0.50637627,0.3005476,0.20582867
0.111843444,0.20504588,-0.093202434
0.0023450102,0.2633652,-0.2610202
0.33925506,0.33365583,0.0055992305
0.12046413,0.2528841,-0.13241996
0.08208159,0.16305523,-0.08097363
0.030033529,0.1883803,-0.15834677
0.53815264,0.33559066,0.20256197
0.0710284,0.26892728,-0.19789888
0.24390195,0.21996017,0.023941785
0.27045673,0.2620321,0.00842464
0.24513498,0.20771056,0.037424415
0.04542756,0.20326358,-0.15783602
0.011676254,0.21663761,-0.20496136
0.34085903,0.31099996,0.029859066
0.14642051,0.21854745,-0.07212694
0.062932804,0.23039074,-0.16745794
0.16908401,0.27341816,-0.104334146
0.1353745,0.20295674,-0.067582235
0.1667677,0.15514815,0.011619553
0.16499832,0.20078944,-0.035791114
0.11641943,0.24251845,-0.12609902
0.092635006,0.2344369,-0.1418019
0.16702372,0.29232112,-0.1252974
0.13510911,0.16319717,-0.028088063
0.13448215,0.23073266,-0.09625052
0.13156918,0.2971496,-0.16558042
0.11231107,0.22391713,-0.111606054
0.13768487,0.18638411,-0.048699245
0.18668933,0.19586302,-0.009173691
0.12399341,0.2118854,-0.08789198
0.10531525,0.22092268,-0.115607426
0.15461169,0.23033403,-0.07572234
0.18650125,0.2710706,-0.08456935
0.19063051,0.19263256,-0.0020020455
0.11014284,0.24837618,-0.13823333
0.24432541,0.2085734,0.035752013
0.124703966,0.21552356,-0.09081959
0.118634686,0.23147945,-0.112844765
0.13537034,0.19771995,-0.062349603
0.1241112,0.19410765,-0.069996454
0.21324283,0.19035348,0.022889346
0.19981545,0.18644679,0.013368666
0.14468484,0.24483693,-0.10015209
0.138363,0.22716475,-0.08880174
0.16604325,0.22060403,-0.05456078
0.1844863,0.2040434,-0.019557104
0.13682695,0.22120905,-0.0843821
0.13731807,0.18880756,-0.051489487
0.15425749,0.27612978,-0.12187229
0.122279726,0.33403653,-0.2117568
0.079918176,0.30402547,-0.2241073
0.17800772,0.34181666,-0.16380894
0.1429955,0.3458053,-0.20280978
0.12878205,0.19379658,-0.065014526
0.13183041,0.31210387,-0.18027346
0.20900041,0.27602965,-0.06702924
0.38742256,0.2583069,0.12911567
0.15946648,0.28616658,-0.1267001
0.15152915,0.1867073,-0.035178155
0.24655527,0.33342248,-0.08686721
0.13635258,0.25678498,-0.12043239
0.13536404,0.23666294,-0.1012989
0.062384218,0.18999675,-0.12761253
0.19724077,0.27049905,-0.07325828
0.14215611,0.21032014,-0.068164036
0.11272382,0.24503598,-0.13231215
0.19231285,0.18088365,0.011429206
0.22442468,0.2284776,-0.004052922
0.14368516,0.22999857,-0.08631341
0.10826896,0.24296494,-0.13469598
0.19398296,0.2830704,-0.08908743
0.15233375,0.1941877,-0.04185395
0.15089174,0.26010725,-0.10921551
0.1304929,0.23184735,-0.10135445
0.0976768,0.2463623,-0.1486855
0.09162142,0.19344003,-0.10181861
0.24080814,0.20084053,0.03996761
0.18588236,0.25491977,-0.06903741
0.13313657,0.19049889,-0.057362318
0.13255425,0.21185659,-0.07930234
0.14773604,0.19617635,-0.048440307
0.09411358,0.23318931,-0.13907573
0.1584814,0.26443514,-0.10595374
0.20873502,0.25633234,-0.04759732
0.1076559,0.26676908,-0.15911318
0.11400563,0.18973984,-0.075734206
0.124486305,0.23043075,-0.10594445
0.27691054,0.2612723,0.015638232
0.19952288,0.2525186,-0.05299571
0.10131317,0.3007253,-0.19941214
0.078517966,0.27104557,-0.19252759
0.14770469,0.19355962,-0.045854926
0.32182172,0.19830061,0.123521104
0.069947556,0.25004658,-0.18009903
0.11481171,0.15917507,-0.044363357
0.21316072,0.2415303,-0.028369576
0.1649162,0.2259655,-0.061049297
0.13574171,0.2112746,-0.07553288
0.08271663,0.26806253,-0.1853459
0.09232478,0.24136443,-0.14903966
0.09926835,0.21070033,-0.111431986
0.14196427,0.30197668,-0.16001241
0.06394442,0.22594115,-0.16199672
0.19003637,0.20745799,-0.017421618
0.14165603,0.2749111,-0.13325508
0.15636866,0.274514,-0.11814533
0.09627462,0.24937493,-0.15310031
0.21028715,0.26276577,-0.05247861
0.12019834,0.31841004,-0.1982117
0.20287336,0.26212218,-0.05924882
0.15592979,0.2011848,-0.045255005
0.10707399,0.14711219,-0.0400382
0.12060586,0.31211412,-0.19150826
0.12987964,0.33618614,-0.2063065
0.09598204,0.17952032,-0.08353829
0.08164557,0.22192702,-0.14028144
0.08941464,0.22009669,-0.13068205
0.15776888,0.24192575,-0.08415687
0.11103428,0.25910375,-0.14806947
0.0907417,0.21931604,-0.12857434
0.3550173,0.2342157,0.1208016
0.32903278,0.22835997,0.10067281
0.32353738,0.28477842,0.038758963
0.43531877,0.2511758,0.18414298
0.5344473,0.254117,0.2803303
0.26093656,0.29292712,-0.031990558
0.57633406,0.26818514,0.30814892
0.30901995,0.20770058,0.10131937
0.04988724,0.23787552,-0.18798828
0.2828235,0.3111971,-0.028373599
0.15454982,0.1850267,-0.030476883
0.24830112,0.22522353,0.023077592
0.24672109,0.1892873,0.057433784
0.090273865,0.29115006,-0.2008762
0.48841912,0.28859696,0.19982216
0.2799813,0.22125801,0.05872327
0.536836,0.2592793,0.27755672
0.30194792,0.25743172,0.044516206
0.07024252,0.1686965,-0.098453976
0.47740552,0.28718603,0.19021949
0.34623215,0.29684806,0.049384087
0.16271901,0.23816386,-0.07544485
0.06548808,0.21212696,-0.14663887
0.37359676,0.2160821,0.15751466
0.085417114,0.28910786,-0.20369074
0.0900984,0.24550536,-0.15540695
0.20944314,0.26112098,-0.051677838
0.18073581,0.400513,-0.21977718
0.11026864,0.22220168,-0.11193304
0.04264804,0.20458944,-0.16194141
0.21420498,0.19744924,0.016755745
0.31017154,0.23606981,0.07410173
0.26678902,0.27831566,-0.011526644
0.25714126,0.24518001,0.0119612515
0.064735726,0.22648776,-0.16175203
0.5985833,0.21606818,0.3825151
0.18447448,0.22178887,-0.037314385
0.12550375,0.2592964,-0.13379264
0.23213384,0.28850427,-0.056370437
0.064061746,0.31067374,-0.246612
0.67416626,0.30802506,0.3661412
0.48538357,0.24256963,0.24281394
0.17150165,0.24470508,-0.07320343
0.066315755,0.29617152,-0.22985576
0.19002308,0.24638352,-0.05636044
0.3415957,0.29465866,0.04693705
0.40453938,0.20686811,0.19767126
0.21104188,0.22755855,-0.01651667
0.23654564,0.24111372,-0.004568085
0.35613593,0.30204433,0.054091603
0.5937065,0.25778562,0.33592087
0.20537531,0.19224854,0.013126776
0.4020398,0.356388,0.045651793
0.0673585,0.22002712,-0.15266863
0.12144419,0.33342385,-0.21197966
0.15996256,0.21304488,-0.053082317
0.80433345,0.2941687,0.51016474
0.0947379,0.28471157,-0.18997367
0.48223007,0.30819136,0.17403871
0.43477228,0.35424793,0.080524355
0.065341786,0.24174249,-0.1764007
0.23502308,0.29919893,-0.064175844
0.22231366,0.2951287,-0.072815046
0.48480886,0.24673423,0.23807463
0.3131705,0.24058113,0.07258937
0.19845046,0.31826574,-0.119815275
0.31269288,0.28189638,0.030796498
0.09151211,0.31003678,-0.21852466
0.03542538,0.15225795,-0.11683257
0.17386843,0.26228154,-0.088413104
0.70029694,0.24613968,0.45415726
0.062719,0.30522504,-0.24250604
0.41301158,0.2452109,0.16780068
0.31437218,0.28426808,0.0301041
0.37994993,0.31993192,0.060018003
0.046775524,0.20345502,-0.1566795
0.07980887,0.28927803,-0.20946917
0.5364202,0.2504823,0.28593794
0.28989986,0.330897,-0.040997148
0.35048807,0.2448602,0.105627865
0.5133512,0.34755623,0.16579497
0.4226145,0.26602432,0.1565902
0.17166363,0.27947956,-0.107815936
0.14065003,0.22260787,-0.08195783
0.4680795,0.2186419,0.2494376
0.07005661,0.22872582,-0.1586692
0.28359893,0.21471575,0.06888318
0.12528431,0.28540576,-0.16012144
0.1739124,0.26734784,-0.09343544
0.09903562,0.23854157,-0.13950595
0.32004398,0.19310607,0.12693791
0.22882663,0.23240443,-0.0035777986
0.09540666,0.22100712,-0.12560046
0.29628745,0.24454068,0.05174677
0.24875045,0.2458418,0.002908647
0.3835863,0.23528838,0.1482979
0.52678597,0.26362205,0.26316392
0.24400645,0.2538591,-0.009852648
0.70735025,0.2512918,0.45605844
0.217463,0.25322086,-0.035757855
0.32765108,0.24884948,0.0788016
0.06972223,0.2582934,-0.18857116
0.18286008,0.2227522,-0.039892122
0.20770551,0.25808474,-0.05037923
0.18969916,0.26273164,-0.07303248
0.12361242,0.2219099,-0.09829748
0.25203153,0.22392264,0.028108895
0.2489259,0.3385542,-0.08962831
0.04864595,0.26197338,-0.21332744
0.06341911,0.21998364,-0.15656453
0.35623217,0.28300312,0.073229045
0.08584553,0.24898675,-0.16314122
0.45913708,0.30802613,0.15111095
0.14055818,0.24206047,-0.101502284
0.19453196,0.21405166,-0.019519702
0.100906044,0.25260633,-0.15170029
0.013055564,0.17938656,-0.166331
0.22590604,0.21332732,0.012578726
0.42724574,0.22261432,0.20463142
0.37975138,0.22886783,0.15088356
0.15699495,0.21585563,-0.058860675
0.4855142,0.22798154,0.25753266
0.2242259,0.27444488,-0.050218984
0.30130008,0.2560109,0.04528919
0.07173895,0.21135277,-0.1396138
0.0037765673,0.22603641,-0.22225985
0.03017155,0.24296103,-0.21278948
0.05821753,0.22090857,-0.16269104
0.43100008,0.33704314,0.09395695
0.25283614,0.2962731,-0.043436974
0.2397932,0.34460908,-0.104815885
0.3157075,0.23227382,0.08343369
0.6671517,0.21655746,0.45059425
0.27867728,0.27087855,0.0077987313
0.044142295,0.26397663,-0.21983434
0.026493391,0.28336585,-0.25687245
0.3154515,0.23225,0.0832015
0.0448215,0.19030425,-0.14548275
0.045082733,0.26275578,-0.21767305
0.09676289,0.16296926,-0.06620637
0.56828326,0.32807526,0.240208
0.4438005,0.23886754,0.20493297
0.118194446,0.32835686,-0.21016242
0.52523726,0.2319373,0.29329997
0.2763606,0.29957658,-0.02321598
0.13066572,0.2562806,-0.12561488
0.056535188,0.23712528,-0.1805901
0.17249957,0.20553586,-0.03303629
0.036367998,0.21802348,-0.18165548
0.38757154,0.21209052,0.17548102
0.34610677,0.21853086,0.1275759
0.32354668,0.34026355,-0.016716868
0.08756967,0.23341976,-0.14585009
0.39160094,0.3171323,0.07446864
0.15781,0.30522466,-0.14741465
0.47555295,0.33715063,0.13840231
0.3231705,0.20560989,0.117560625
0.082292765,0.27306342,-0.19077066
0.048225798,0.25142917,-0.20320338
0.5833146,0.25615132,0.32716328
0.459973,0.31078166,0.14919135
0.25167626,0.1975064,0.054169863
0.4763262,0.2923745,0.1839517
0.31015065,0.27614355,0.034007102
0.01754659,0.25633317,-0.23878658
0.37351838,0.23301312,0.14050525
0.35463646,0.2503277,0.104308754
0.4257284,0.21814272,0.20758569
0.6277055,0.36092326,0.26678225
0.14396465,0.31167355,-0.1677089
0.66334075,0.23236883,0.43097192
0.08378483,0.28144673,-0.19766189
0.15641284,0.16832997,-0.011917129
0.033716913,0.19747943,-0.16376251
0.3526167,0.26369843,0.08891827
0.099673025,0.28622082,-0.18654779
0.27475882,0.23519692,0.039561898
0.6244767,0.22877374,0.39570293
0.671836,0.23177314,0.44006288
0.1919353,0.24831168,-0.056376383
0.17514324,0.35561284,-0.1804696
0.5468382,0.2891397,0.25769854
0.08974313,0.23131524,-0.14157212
0.2035863,0.25466383,-0.05107753
0.14703676,0.27011585,-0.12307909
0.2538079,0.24837226,0.0054356456
0.44609413,0.21387206,0.23222207
0.22428858,0.2892536,-0.06496501
0.5215069,0.27396965,0.24753726
0.38366467,0.24621463,0.13745004
0.5617054,0.39611027,0.16559514
0.2979145,0.24327263,0.054641873
0.23819967,0.3749101,-0.13671042
0.75620383,0.34489474,0.4113091
0.079453595,0.30271742,-0.22326383
0.033345964,0.33957887,-0.3062329
0.35606802,0.2412411,0.11482692
0.23789664,0.36598152,-0.12808488
0.037684612,0.23302802,-0.1953434
0.31956854,0.27620524,0.043363303
0.2740983,0.21357816,0.060520142
0.103753485,0.26752132,-0.16376784
0.048664667,0.16012818,-0.11146351
0.17434083,0.3086562,-0.13431536
0.46909833,0.30586025,0.16323808
0.38510668,0.23899513,0.14611155
0.40012756,0.2418641,0.15826346
0.17554033,0.2767525,-0.10121217
0.4262217,0.22303681,0.20318489
0.3695842,0.2677228,0.10186142
0.008290674,0.2106834,-0.20239273
0.3327399,0.4359525,-0.103212625
0.4258329,0.30183885,0.12399405
0.42237636,0.2469294,0.17544696
0.3030033,0.24712193,0.05588138
0.21887584,0.25967613,-0.04080029
0.0755216,0.22866866,-0.15314706
0.08516937,0.28430593,-0.19913656
0.2708612,0.21296576,0.05789545
0.21783917,0.26729438,-0.04945521
0.29866683,0.24479795,0.05386889
0.0663889,0.32320917,-0.25682026
0.15973268,0.21960613,-0.059873447
0.29572317,0.34652135,-0.050798178
0.37474096,0.34149197,0.03324899
0.30155912,0.30012593,0.0014331937
0.17546718,0.2140598,-0.03859262
0.032940622,0.212685,-0.17974438
0.5153126,0.3287151,0.18659753
0.06528431,0.3157345,-0.2504502
0.1973376,0.2576046,-0.060267
0.083278045,0.28561985,-0.20234181
0.20680991,0.24737951,-0.040569603
0.039850667,0.20748164,-0.16763097
0.5687221,0.24489713,0.323825
0.11898337,0.30929196,-0.19030859
0.2101537,0.26403713,-0.053883433
0.63745254,0.22106181,0.41639072
0.5846678,0.20518193,0.37948588
0.16460206,0.33864772,-0.17404567
0.42541492,0.29989657,0.12551835
0.16842955,0.25185692,-0.08342737
0.38345045,0.344328,0.039122462
0.2630325,0.27326742,-0.010234922
0.18965954,0.29601046,-0.10635093
0.5027033,0.31347233,0.18923098
0.23405129,0.27688932,-0.042838037
0.13108891,0.21108478,-0.07999587
0.5085445,0.3110551,0.19748941
0.23559257,0.22459227,0.011000305
0.46771902,0.16580546,0.30191356
0.30391023,0.25180838,0.05210185
0.28365946,0.217989,0.06567046
0.6232959,0.28029877,0.34299713
0.24517678,0.28041404,-0.035237268
0.13479015,0.20985956,-0.07506941
0.17042539,0.25109458,-0.080669194
0.078727365,0.27458638,-0.19585901
0.60251004,0.2723983,0.33011174
0.27852884,0.2706516,0.007877231
0.553693,0.30521476,0.24847823
0.38904607,0.2955103,0.09353578
0.03308473,0.2488344,-0.21574967
0.054746173,0.17074071,-0.115994535
0.123275,0.28928575,-0.16601075
0.1684609,0.27656326,-0.10810235
0.08160311,0.2880279,-0.2064248
0.23887584,0.33247453,-0.09359869
0.26588514,0.23819083,0.027694315
0.41074407,0.31292203,0.09782204
0.14860415,0.19616377,-0.04755962
0.6804724,0.24308728,0.43738508
0.18200845,0.24175061,-0.059742168
0.21774732,0.23868294,-0.020935625
0.28766373,0.209778,0.07788573
0.029210214,0.20574534,-0.17653513
0.08241816,0.18578951,-0.10337135
0.24098441,0.25695243,-0.015968025
0.33292276,0.28259093,0.05033183
0.40781304,0.23590165,0.17191139
0.12706593,0.261233,-0.13416708
0.6142468,0.3187324,0.29551437
0.13130008,0.25751033,-0.12621026
0.33144638,0.28123367,0.05021271
0.09681514,0.26896983,-0.1721547
0.19745255,0.2547871,-0.057334542
0.19731148,0.24218893,-0.044877455
0.2540169,0.27141297,-0.017396063
0.25615683,0.37472445,-0.118567616
0.55932516,0.33703005,0.2222951
0.41620386,0.2034657,0.21273816
0.5644066,0.36947146,0.19493511
0.17021334,0.20134234,-0.031129003
0.29765326,0.20487425,0.09277901
0.16579632,0.20609784,-0.040301517
0.100331336,0.2346557,-0.13432436
0.1452791,0.28115126,-0.13587217
0.46472746,0.17865546,0.28607202
0.27935955,0.21772064,0.061638907
0.31163445,0.33354896,-0.021914512
0.10193749,0.37603566,-0.27409816
0.039291628,0.23787299,-0.19858137
0.27350792,0.1932594,0.08024852
0.33964908,0.19688049,0.14276859
0.7077264,0.27811253,0.4296139
0.023513153,0.21393222,-0.19041906
0.55833244,0.19966899,0.35866344
0.22468871,0.26831552,-0.043626815
0.33461556,0.3354326,-0.00081703067
0.44606802,0.35688204,0.08918598
0.042083777,0.29662657,-0.2545428
0.14625305,0.253693,-0.107439965
0.18304512,0.30151954,-0.118474424
0.104779705,0.31931216,-0.21453245
0.090547726,0.20418496,-0.11363724
0.17553206,0.23635782,-0.060825765
0.30104712,0.28230155,0.018745571
0.18271074,0.23823634,-0.0555256
0.070812,0.23879614,-0.16798414
0.54845047,0.19870171,0.34974876
0.3442655,0.29464817,0.04961732
0.19189873,0.24819559,-0.056296855
0.5101611,0.23375812,0.27640298
0.3421234,0.30816498,0.033958405
0.22484022,0.23941262,-0.014572397
0.052013677,0.23081721,-0.17880353
0.5389281,0.24839756,0.29053053
0.32653823,0.2774805,0.049057722
0.43238682,0.26090482,0.171482
0.3372697,0.24832886,0.08894083
0.42731148,0.40734684,0.019964635
0.34155086,0.2768783,0.06467256
0.1595237,0.24461477,-0.08509107
0.27371693,0.3176964,-0.043979466
0.025333516,0.22608984,-0.20075631
0.06575453,0.21540631,-0.14965178
0.06810258,0.3625405,-0.29443794
0.62944317,0.27969432,0.34974885
0.556324,0.2604401,0.2958839
0.2215748,0.32668224,-0.10510744
0.06510145,0.29775983,-0.23265839
0.4942446,0.317585,0.17665961
0.15334596,0.27287164,-0.119525686
0.10406915,0.21814775,-0.1140786
0.4311956,0.25293392,0.17826167
0.27985808,0.27893934,0.000918746
0.28351316,0.27406493,0.00944823
0.4097305,0.32424927,0.08548123
0.5589938,0.30713397,0.25185984
0.21546717,0.29053456,-0.075067386
0.21805339,0.29336,-0.07530661
0.51521856,0.23296799,0.28225058
0.14809214,0.25799662,-0.10990448
0.03266894,0.31470677,-0.28203782
0.1717629,0.3655341,-0.1937712
0.17186435,0.17204177,-0.00017742813
0.3948842,0.23046505,0.16441914
0.21083291,0.2160244,-0.00519149
0.120592564,0.2770565,-0.15646392
0.2696491,0.29158553,-0.021936446
0.028492255,0.26340824,-0.23491599
0.046334468,0.2795235,-0.23318902
0.18502308,0.30625436,-0.12123127
0.32104188,0.30556476,0.015477121
0.0271308,0.15609133,-0.12896053
0.6050753,0.29446918,0.31060612
0.41967824,0.30391163,0.115766615
0.5776877,0.3382482,0.23943949
0.23629485,0.25073272,-0.014437869
0.09381837,0.25067616,-0.15685779
0.6050618,0.2912822,0.31377962
0.2485519,0.23423143,0.014320478
0.15330635,0.25820822,-0.104901865
0.2278727,0.29591438,-0.06804168
0.3051589,0.20900364,0.09615527
0.17715473,0.31606895,-0.13891421
0.11077761,0.19661507,-0.08583746
0.46205243,0.21553558,0.24651685
0.22820708,0.18345353,0.04475355
0.66259885,0.3342759,0.32832295
0.59008056,0.26039317,0.3296874
0.3588632,0.30687356,0.051989645
0.10217782,0.30763388,-0.20545605
0.082598835,0.33086082,-0.24826199
0.41238984,0.2686794,0.14371043
0.23427813,0.2626174,-0.028339282
0.07410354,0.20081604,-0.1267125
0.0640587,0.20250657,-0.13844788
0.12291972,0.33026895,-0.20734923
0.40493947,0.26300102,0.14193845
0.6308612,0.30007184,0.3307894
0.36764282,0.33750802,0.030134797
0.2977399,0.248525,0.0492149
0.3319375,0.23721707,0.09472042
0.09941179,0.25948265,-0.16007087
0.42091128,0.24669912,0.17421216
0.25118515,0.3487717,-0.09758654
0.41262713,0.31687808,0.09574905
0.23031044,0.312549,-0.082238555
0.25819966,0.3343417,-0.07614204
0.04875349,0.28047085,-0.23171736
0.28347135,0.21774316,0.06572819
0.43246824,0.3019933,0.13047493
0.29465735,0.25145936,0.04319799
0.16000436,0.30554834,-0.14554398
0.5369218,0.20288521,0.3340366
0.5149678,0.27775568,0.23721212
0.59460205,0.22725163,0.3673504
0.013504885,0.24943437,-0.23592949
0.7459605,0.22764459,0.5183159
0.41978493,0.25963944,0.16014549
0.34313917,0.23175332,0.11138585
0.42921022,0.2743712,0.15483901
0.5321051,0.28513741,0.24696767
0.43481952,0.20395036,0.23086916
0.4361707,0.22036856,0.21580213
0.4543483,0.1769118,0.2774365
0.32297456,0.23646706,0.0865075
0.27531376,0.22449164,0.050822124
0.20849817,0.23544115,-0.026942983
0.27616888,0.2727288,0.003440082
0.258278,0.25905406,-0.0007760525
0.25904778,0.25296953,0.0060782433
0.42904776,0.16661173,0.26243603
0.13558953,0.19967338,-0.06408386
0.06704004,0.1841815,-0.117141455
0.3880958,0.24675699,0.14133881
0.069067694,0.23144943,-0.16238174
0.09818545,0.20249942,-0.10431397
0.34489223,0.28800985,0.05688238
0.19728287,0.19507986,0.0022030026
0.0761151,0.20479746,-0.12868236
0.058363024,0.28003502,-0.221672
0.49032444,0.17324623,0.3170782
0.086636685,0.19920409,-0.1125674
0.15851328,0.24571882,-0.087205544
0.081754066,0.22154108,-0.13978702
0.07746941,0.18667014,-0.10920073
0.124209486,0.21512192,-0.09091244
0.22562513,0.23535332,-0.009728193
0.11918743,0.18354216,-0.06435473
0.12752089,0.20078489,-0.073264
0.33487296,0.20628075,0.12859221
0.1401925,0.23167264,-0.09148015
0.08155328,0.21975803,-0.13820475
0.15361626,0.22413915,-0.07052289
0.15007816,0.17857653,-0.028498366
0.3406796,0.1802297,0.16044989
0.06610157,0.20807824,-0.14197665
0.12732588,0.22275686,-0.095430985
0.20457353,0.20196822,0.0026053041
0.21297288,0.22261968,-0.009646803
0.1556613,0.21948925,-0.06382795
0.1439161,0.18443064,-0.040514544
0.13898048,0.17530501,-0.03632453
0.10467712,0.20507738,-0.10040026
0.10454735,0.23308477,-0.12853742
0.33656985,0.22637103,0.11019881
0.36008242,0.35003072,0.0100516975
0.21715105,0.34549224,-0.1283412
0.17999266,0.16774148,0.012251183
0.121280305,0.24439095,-0.123110645
0.115164556,0.25438735,-0.1392228
0.19879775,0.23129621,-0.032498464
0.39235124,0.19283962,0.19951162
0.16691558,0.3864052,-0.21948962
0.110160455,0.26948616,-0.1593257
0.48587376,0.30640203,0.17947173
0.24998689,0.19810462,0.051882267
0.22402476,0.30664438,-0.08261962
0.28069988,0.27169108,0.009008795
0.32703605,0.18878815,0.1382479
0.18536201,0.2255263,-0.04016429
0.49089232,0.20872772,0.2821646
0.21886116,0.21656539,0.0022957772
0.37745556,0.1857654,0.19169016
0.5005176,0.17983848,0.32067913
0.29953718,0.1984529,0.10108428
0.3307247,0.21463309,0.116091594
0.11445217,0.20696458,-0.092512414
0.25527245,0.2741343,-0.01886186
0.13503858,0.21962142,-0.084582835
0.11628125,0.26062483,-0.14434358
0.25237244,0.26292425,-0.01055181
0.0630214,0.22909884,-0.16607744
0.14485216,0.20325959,-0.058407426
0.21190928,0.17490816,0.037001118
0.107393734,0.27993137,-0.17253762
0.52896076,0.25665486,0.2723059
0.29410622,0.18437739,0.10972883
0.16959086,0.24483089,-0.07524003
0.14492866,0.24983297,-0.10490431
0.15461816,0.19922762,-0.044609457
0.14545806,0.23778887,-0.09233081
0.18543115,0.20597923,-0.020548075
0.12800379,0.36220074,-0.23419695
0.05665887,0.29217604,-0.23551717
0.17052394,0.18442932,-0.013905376
0.28024754,0.28771892,-0.0074713826
0.48714703,0.2625414,0.22460562
0.24341755,0.2481196,-0.0047020465
0.27345073,0.21647787,0.05697286
0.46093246,0.365898,0.09503445
0.29459855,0.25912404,0.03547451
0.14248635,0.1863591,-0.043872744
0.15877472,0.2161485,-0.057373777
0.071908735,0.22148837,-0.14957964
0.21741958,0.25695556,-0.039535984
0.120294586,0.25639817,-0.13610359
0.09906626,0.18188287,-0.082816616
0.16694222,0.22402738,-0.057085156
0.23908155,0.17400861,0.06507294
0.18974882,0.24895662,-0.059207797
0.22930285,0.23698515,-0.0076822937
0.16553591,0.18892503,-0.023389116
0.29161796,0.3534156,-0.06179765
0.1943852,0.25989407,-0.06550887
0.15985839,0.29897326,-0.13911487
0.3357405,0.27579695,0.059943557
0.21727553,0.21533868,0.0019368529
0.31575248,0.19366577,0.122086704
0.32570416,0.31997508,0.0057290792
0.35515186,0.2426731,0.11247876
0.29135093,0.25744492,0.033906013
0.2247638,0.33609992,-0.11133613
0.19662131,0.22622284,-0.02960153
0.14866637,0.17729221,-0.028625846
0.34483656,0.31495672,0.029879838
0.3537799,0.3400841,0.013695806
0.29988483,0.29359314,0.0062916875
0.40804806,0.21173483,0.19631323
0.20975357,0.24576756,-0.03601399
0.32707158,0.25343442,0.07363716
0.29552096,0.18140294,0.114118025
0.20640549,0.20021373,0.0061917603
0.19575205,0.2497111,-0.05395904
0.2656962,0.23950058,0.026195616
0.44541043,0.21456213,0.2308483
0.28839758,0.2152983,0.073099285
0.16768296,0.27217978,-0.10449682
0.32213205,0.3427,-0.020567954
0.29707807,0.2926907,0.0043873787
0.15569495,0.29294902,-0.13725407
0.25152478,0.33847272,-0.08694795
0.18584135,0.3597626,-0.17392126
0.24067062,0.25395316,-0.013282537
0.19888401,0.2271106,-0.028226584
0.14862436,0.266752,-0.118127644
0.43301833,0.3372057,0.09581262
0.24072963,0.20300458,0.037725046
0.52369815,0.25746816,0.26623
0.1606381,0.23626375,-0.07562566
0.14806032,0.29046586,-0.14240554
0.17814301,0.36950916,-0.19136615
0.21864566,0.28689077,-0.06824511
0.48435745,0.22750457,0.25685287
0.14156605,0.15676846,-0.015202403
0.3099322,0.21358177,0.09635043
0.48047516,0.2194694,0.26100576
0.27421483,0.23936479,0.034850046
0.4602143,0.19103537,0.26917893
0.4484765,0.19866249,0.249814
0.45812184,0.20434225,0.2537796
0.16563267,0.24718127,-0.0815486
0.16857722,0.21458691,-0.04600969
0.23140715,0.18273178,0.048675373
0.14160179,0.29398176,-0.15237997
0.15813361,0.21436632,-0.056232706
0.23950267,0.30280027,-0.0632976
0.44566485,0.21127501,0.23438984
0.44311503,0.20910521,0.23400982
0.50319034,0.22345531,0.27973503
0.44228446,0.17036843,0.27191603
0.52346265,0.19264919,0.33081347
0.08048319,0.16687474,-0.086391546
0.48036277,0.23077276,0.24959001
0.12970988,0.23119003,-0.10148014
0.46761,0.20707129,0.2605387
0.40176034,0.1634058,0.23835453
0.35991728,0.230109,0.12980828
0.23240422,0.26034397,-0.027939752
0.10325261,0.23509422,-0.1318416
0.32988966,0.17969912,0.15019053
0.15770635,0.2188044,-0.061098054
0.22404164,0.19556017,0.028481469
0.50543797,0.20088506,0.3045529
0.41756824,0.20883523,0.208733
0.4720276,0.1804719,0.2915557
0.047806285,0.18813291,-0.14032662
0.058388323,0.3683929,-0.3100046
0.07866776,0.31008372,-0.23141596
0.23020093,0.18010236,0.05009857
0.17405231,0.2989012,-0.12484889
0.48657247,0.18503642,0.30153605
0.18051104,0.20093639,-0.02042535
0.26601437,0.21665251,0.049361855
0.41718352,0.19068126,0.22650225
0.0726173,0.22197212,-0.14935482
0.09230393,0.19358066,-0.101276726
0.27841657,0.19002049,0.08839609
0.4893473,0.18495041,0.3043969
0.29538766,0.21783942,0.077548236
0.0660897,0.19125327,-0.12516358
0.44137338,0.2077651,0.23360828
0.19213004,0.22467363,-0.032543585
0.5131814,0.26170632,0.25147507
0.35610807,0.25282675,0.10328132
0.44324285,0.23246117,0.21078168
0.30528182,0.21025592,0.0950259
0.11088381,0.20900458,-0.09812077
0.43607593,0.19566968,0.24040624
0.522349,0.2585488,0.2638002
0.1636979,0.22242016,-0.058722258
0.1465801,0.19500408,-0.048423976
0.15757585,0.23712406,-0.07954821
0.096844755,0.23101401,-0.13416925
0.16186854,0.2606622,-0.098793656
0.08431252,0.17439288,-0.09008036
0.09072031,0.24446693,-0.15374662
0.43906558,0.18379797,0.25526762
0.4446443,0.16663644,0.27800786
0.18805246,0.22523448,-0.03718202
0.093792975,0.21550459,-0.12171161
0.3305138,0.22403225,0.10648155
0.13937254,0.22854507,-0.08917253
0.1553081,0.2802543,-0.12494621
0.51137173,0.18274938,0.32862234
0.09551584,0.2621008,-0.16658494
0.10095666,0.25021303,-0.14925636
0.40504333,0.22178888,0.18325445
0.1780607,0.19277507,-0.014714375
0.11738792,0.25879067,-0.14140275
0.40846038,0.2014188,0.20704158
0.10811076,0.20635581,-0.09824505
0.2828074,0.22632445,0.056482956
0.4645337,0.20862609,0.2559076
0.123251475,0.1882237,-0.06497223
0.12194884,0.30583918,-0.18389034
0.4565792,0.20434809,0.25223112
0.54215753,0.3113122,0.23084533
0.34837183,0.24474013,0.103631705
0.38783503,0.25283602,0.134999
0.2436054,0.33933896,-0.09573355
0.2067407,0.36658645,-0.15984574
0.37369764,0.24432226,0.12937538
0.18529625,0.3151367,-0.12984045
0.2514362,0.21916589,0.032270312
0.17903478,0.27326164,-0.09422685
0.22542152,0.3381224,-0.11270088
0.21227041,0.32364872,-0.11137831
0.30823243,0.3185489,-0.010316461
0.25739652,0.2740701,-0.016673595
0.23889709,0.2987768,-0.05987972
0.21712162,0.24081661,-0.023694992
0.24303778,0.28533122,-0.042293444
0.25848505,0.3013723,-0.04288724
0.2621951,0.27104548,-0.008850366
0.20836419,0.20911476,-0.0007505715
0.19186686,0.23153985,-0.039672986
0.46735877,0.20004325,0.2673155
0.46320197,0.2197176,0.24348436
0.21641386,0.26615086,-0.049737006
0.15083577,0.22586317,-0.075027406
0.08866017,0.20032114,-0.111660965
0.34458917,0.25856465,0.08602452
0.15014668,0.28588587,-0.13573919
0.14996885,0.21218045,-0.062211603
0.14234574,0.26861882,-0.12627308
0.42108285,0.20393962,0.21714324
0.43803763,0.2787577,0.15927994
0.14006518,0.31033057,-0.17026539
0.47133777,0.25250432,0.21883345
0.22387807,0.2514758,-0.02759774
0.13957724,0.27079853,-0.1312213
0.1543559,0.265107,-0.11075111
0.1522878,0.29974487,-0.14745708
0.46335065,0.27756017,0.18579048
0.111617126,0.23633315,-0.12471602
0.14499202,0.28952998,-0.14453796
0.109066956,0.19122617,-0.08215921
0.24351078,0.2464795,-0.0029687136
0.14764483,0.2510974,-0.10345258
0.1535242,0.25363803,-0.100113824
0.48972166,0.18057708,0.30914456
0.17333272,0.25028217,-0.07694945
0.14984484,0.20332132,-0.053476483
0.14890163,0.34259188,-0.19369026
0.13819064,0.24734709,-0.109156445
0.16286694,0.28510642,-0.122239485
0.1600991,0.2537707,-0.093671605
0.2806264,0.23370594,0.04692045
0.090223506,0.24468109,-0.15445758
0.15145977,0.30629212,-0.15483235
0.32959983,0.2525355,0.077064335
0.16614696,0.2339813,-0.06783433
0.346136,0.2744764,0.071659595
0.4396732,0.22520034,0.21447285
0.21111946,0.30709308,-0.095973626
0.22260664,0.21832113,0.0042855144
0.2533272,0.20548537,0.047841817
0.17898588,0.1894637,-0.010477826
0.14784072,0.26406872,-0.116228
0.14916672,0.31466562,-0.1654989
0.19760977,0.18595223,0.011657536
0.15642835,0.22933248,-0.072904125
0.3730525,0.17541227,0.19764024
0.16309363,0.25335068,-0.09025705
0.099873595,0.17894047,-0.07906688
0.20221491,0.18235156,0.019863352
0.24115472,0.28317297,-0.04201825
0.098328024,0.25175703,-0.153429
0.10322397,0.24649101,-0.14326704
0.19929239,0.25853652,-0.059244126
0.13963944,0.21676922,-0.07712978
0.22941469,0.18728113,0.042133555
0.13843362,0.23189944,-0.09346582
0.1562114,0.26106197,-0.10485056
0.075590774,0.24031323,-0.16472246
0.1559696,0.23734386,-0.08137426
0.12239508,0.20751485,-0.08511977
0.16164884,0.17320943,-0.011560589
0.08463729,0.22436939,-0.1397321
0.13314034,0.24891594,-0.1157756
0.25602964,0.19230647,0.06372316
0.14828707,0.24815741,-0.09987034
0.07882298,0.23337866,-0.15455568
0.21641365,0.29195833,-0.075544685
0.2795952,0.2777657,0.001829505
0.14017804,0.19918296,-0.059004918
0.19942677,0.21851411,-0.019087344
0.13200192,0.339326,-0.20732407
0.1840175,0.19635116,-0.012333661
0.3284186,0.27037516,0.05804345
0.18171456,0.31791157,-0.136197
0.13597395,0.28007668,-0.14410274
0.17685853,0.23950902,-0.06265049
0.23609069,0.1943179,0.041772783
0.31709343,0.27306694,0.044026494
0.19916701,0.18441647,0.01475054
0.21983178,0.22869018,-0.008858398
0.41746658,0.2615229,0.15594369
0.17741343,0.312204,-0.13479057
0.3853511,0.2547264,0.13062468
0.3348985,0.2777208,0.057177693
0.40048245,0.2975536,0.10292885
0.2695342,0.27954638,-0.01001218
0.41633222,0.25619474,0.16013747
0.2673853,0.25152752,0.015857786
0.33126298,0.27247873,0.058784246
0.24407463,0.23470387,0.009370759
0.40678132,0.2538751,0.15290621
0.39606595,0.28036577,0.115700185
0.21974361,0.21002828,0.009715334
0.28373015,0.3615314,-0.07780126
0.28944266,0.28027707,0.009165585
0.3358149,0.24660468,0.08921021
0.25252336,0.22104308,0.031480283
0.27658257,0.20702468,0.06955789
0.31018537,0.3159638,-0.005778432
0.22563633,0.16567895,0.059957385
0.2789043,0.30545208,-0.02654779
0.15289909,0.24601558,-0.09311649
0.4001968,0.2680507,0.13214609
0.37039086,0.25834382,0.11204705
0.18911903,0.2588425,-0.06972347
0.3983545,0.31107754,0.087276965
0.32793373,0.256903,0.071030736
0.30152756,0.25685668,0.04467088
0.28765118,0.34828565,-0.060634464
0.18485795,0.30349338,-0.11863543
0.31756276,0.26867652,0.04888624
0.26082605,0.26938602,-0.008559972
0.19729866,0.28008723,-0.08278857
0.20528707,0.24524117,-0.039954096
0.14642051,0.21854745,-0.07212694
0.062932804,0.23039074,-0.16745794
0.1667677,0.15514815,0.011619553
0.092635006,0.2344369,-0.1418019
0.13448215,0.23073266,-0.09625052
0.18668933,0.19586302,-0.009173691
0.1833484,0.20701168,-0.023663282
0.116114624,0.22086173,-0.10474711
0.124703966,0.21552356,-0.09081959
0.16114882,0.218482,-0.057333186
0.123648584,0.18519974,-0.061551154
0.090205535,0.3125884,-0.22238286
0.062384218,0.18999675,-0.12761253
0.19724077,0.27049905,-0.07325828
0.22442468,0.2284776,-0.004052922
0.0976768,0.2463623,-0.1486855
0.20873502,0.25633234,-0.04759732
0.10630663,0.23823312,-0.13192649
0.13745606,0.21007413,-0.07261807
0.11805167,0.19929135,-0.08123968
0.18238814,0.23291007,-0.050521925
0.2067455,0.19424137,0.012504131
0.110737145,0.21230714,-0.101569995
0.19550203,0.17215484,0.023347184
0.11919064,0.15275964,-0.033569
0.11896076,0.28801408,-0.16905332
0.08271663,0.26806253,-0.1853459
0.11891896,0.17901427,-0.060095303
0.17253442,0.2021029,-0.029568478
0.11655741,0.22275098,-0.106193565
0.11756055,0.16233905,-0.044778496
0.45338082,0.24940714,0.20397368
0.16473924,0.23318839,-0.068449154
0.12884581,0.27793407,-0.14908826
0.23410182,0.20588535,0.028216466
0.14347486,0.18644679,-0.042971924
0.18242994,0.24506018,-0.062630236
0.29061174,0.20759785,0.08301389
0.1729733,0.19146946,-0.018496156
0.19003637,0.20745799,-0.017421618
0.178292,0.20701899,-0.02872698
0.1152617,0.28537896,-0.17011726
0.15636866,0.274514,-0.11814533
0.11509384,0.21074182,-0.095647976
0.20287336,0.26212218,-0.05924882
0.12386149,0.22475576,-0.10089427
0.12060586,0.31211412,-0.19150826
0.13089389,0.15317434,-0.022280455
0.10617079,0.22847016,-0.12229937
0.14888762,0.18188915,-0.033001527
0.09598204,0.17952032,-0.08353829
0.123328574,0.22560045,-0.10227188
0.3600475,0.21223785,0.14780964
0.17285836,0.26405698,-0.09119862
0.1451154,0.26750368,-0.12238827
0.15688135,0.21126457,-0.05438322
0.29851145,0.2361783,0.06233315
0.23395553,0.1717501,0.062205434
0.15916975,0.25081956,-0.091649815
0.13892941,0.2007919,-0.061862484
0.26093656,0.29292712,-0.031990558
0.30901995,0.20770058,0.10131937
0.48841912,0.28859696,0.19982216
0.47740552,0.28718603,0.19021949
0.064735726,0.22648776,-0.16175203
0.16946404,0.27730414,-0.107840106
0.4020398,0.356388,0.045651793
0.062719,0.30522504,-0.24250604
0.41301158,0.2452109,0.16780068
0.18752047,0.19136171,-0.0038412362
0.12528431,0.28540576,-0.16012144
0.40404606,0.23835084,0.16569522
0.50234807,0.2636879,0.23866016
0.18969916,0.26273164,-0.07303248
0.06341911,0.21998364,-0.15656453
0.6068465,0.30295047,0.30389604
0.3157075,0.23227382,0.08343369
0.56828326,0.32807526,0.240208
0.17249957,0.20553586,-0.03303629
0.39160094,0.3171323,0.07446864
0.048225798,0.25142917,-0.20320338
0.4257284,0.21814272,0.20758569
0.08378483,0.28144673,-0.19766189
0.17514324,0.35561284,-0.1804696
0.5402425,0.21720728,0.3230352
0.23819967,0.3749101,-0.13671042
0.079453595,0.30271742,-0.22326383
0.4258329,0.30183885,0.12399405
0.06528431,0.3157345,-0.2504502
0.20680991,0.24737951,-0.040569603
0.63745254,0.22106181,0.41639072
0.5846678,0.20518193,0.37948588
0.5085445,0.3110551,0.19748941
0.38156435,0.22574553,0.15581882
0.26588514,0.23819083,0.027694315
0.24098441,0.25695243,-0.015968025
0.33292276,0.28259093,0.05033183
0.12706593,0.261233,-0.13416708
0.19731148,0.24218893,-0.044877455
0.100331336,0.2346557,-0.13432436
0.023513153,0.21393222,-0.19041906
0.34849748,0.23444194,0.114055544
0.14012235,0.15444508,-0.014322728
0.54845047,0.19870171,0.34974876
0.052013677,0.23081721,-0.17880353
0.3372697,0.24832886,0.08894083
0.42731148,0.40734684,0.019964635
0.62944317,0.27969432,0.34974885
0.06510145,0.29775983,-0.23265839
0.4942446,0.317585,0.17665961
0.15334596,0.27287164,-0.119525686
0.4097305,0.32424927,0.08548123
0.21805339,0.29336,-0.07530661
0.32104188,0.30556476,0.015477121
0.41967824,0.30391163,0.115766615
0.082598835,0.33086082,-0.24826199
0.23031044,0.312549,-0.082238555
0.04875349,0.28047085,-0.23171736
0.28347135,0.21774316,0.06572819
0.27045673,0.2620321,0.00842464
0.1237931,0.2037561,-0.07996299
0.031421106,0.1784651,-0.14704399
0.07669801,0.23007351,-0.1533755
0.03415883,0.25287926,-0.21872044
0.0738349,0.17835386,-0.10451896
0.2698955,0.2567364,0.013159096
0.019299896,0.25683475,-0.23753485
0.097607106,0.29225755,-0.19465044
0.22496343,0.2742235,-0.04926008
0.22386625,0.19788837,0.02597788
0.1208673,0.29746255,-0.17659526
0.8043992,0.22338778,0.5810114
0.15403344,0.25854412,-0.10451068
0.22281086,0.2807623,-0.05795145
0.25646812,0.268081,-0.011612892
0.40572622,0.19195837,0.21376786
0.042215254,0.2707995,-0.22858423
0.42891327,0.21754482,0.21136844
0.7039394,0.2384469,0.4654925
0.018192267,0.31693304,-0.29874077
0.1515256,0.25977468,-0.10824908
0.0853814,0.2139729,-0.1285915
0.8432184,0.2512918,0.5919266
0.7912853,0.35371655,0.43756872
0.0399791,0.2968712,-0.25689209
0.17454545,0.22432384,-0.049778387
0.069749214,0.24815187,-0.17840266
0.038390804,0.23201522,-0.19362442
0.28672937,0.26275578,0.023973584
0.08832811,0.25200233,-0.16367422
0.2651306,0.33420658,-0.06907597
0.058662485,0.253751,-0.19508852
0.025120167,0.28194374,-0.25682357
0.24850574,0.2556798,-0.007174045
0.14006269,0.27062005,-0.13055736
0.03998955,0.22159368,-0.18160413
0.12508883,0.22706251,-0.10197368
0.3196343,0.3316086,-0.011974305
0.33820271,0.35265538,-0.014452666
0.028349007,0.25711018,-0.22876117
0.3876907,0.33126962,0.05642107
0.0854023,0.2700395,-0.18463719
0.6134692,0.3046994,0.3087698
0.015600836,0.19401164,-0.17841081
0.17251828,0.29678485,-0.124266565
0.14925809,0.31040278,-0.16114469
0.038944617,0.23519692,-0.1962523
0.020553814,0.23371555,-0.21316174
0.45386624,0.27282444,0.1810418
0.74623823,0.19812989,0.54810834
0.027711598,0.23967433,-0.21196273
0.0700627,0.22944404,-0.15938134
0.3,0.3471308,-0.047130793
0.15050156,0.2185386,-0.06803703
0.574117,0.31706306,0.25705394
0.14192267,0.23348935,-0.09156668
0.46136886,0.30762303,0.15374583
0.8015883,0.22474481,0.5768435
0.2384744,0.17543715,0.06303725
0.26791012,0.2542577,0.013652414
0.000815047,0.3002869,-0.29947186
0.16257054,0.19941953,-0.036848992
0.08415883,0.2028488,-0.11868998
0.16108672,0.35294893,-0.19186221
0.07438871,0.2713753,-0.19698659
0.2985789,0.28928575,0.009293139
0.15962383,0.22418703,-0.0645632
0.8701881,0.26714107,0.603047
0.23184954,0.32566565,-0.09381612
0.062570535,0.25811192,-0.19554138
0.5463323,0.24340683,0.30292547
0.47327062,0.2978717,0.17539892
0.4405538,0.26162866,0.17892516
0.07588297,0.20902573,-0.13314275
0.36252874,0.27022853,0.09230021
0.12495298,0.29643965,-0.17148668
0.18196447,0.26308513,-0.081120655
0.12786834,0.392045,-0.26417667
0.772884,0.36882335,0.40406066
0.7167607,0.29190338,0.42485732
0.28803554,0.19425328,0.09378226
0.2871996,0.32747683,-0.040277243
0.44935215,0.24839756,0.20095459
0.60835946,0.2950451,0.31331435
0.794744,0.2834558,0.5112882
0.5413166,0.28279412,0.2585225
0.17952979,0.285266,-0.105736226
0.109613374,0.18914896,-0.07953559
0.036551725,0.23066862,-0.19411689
0.01967607,0.23489106,-0.21521498
0.4452978,0.24289986,0.20239794
0.12281087,0.31470677,-0.1918959
0.06293626,0.17971697,-0.11678071
0.18628004,0.28035337,-0.094073325
0.42073146,0.30830157,0.11242989
0.64299893,0.3606212,0.28237772
0.1716092,0.23741353,-0.06580433
0.23164055,0.2071798,0.024460748
0.19405434,0.26665303,-0.072598696
0.26503658,0.2583741,0.006662488
0.37619644,0.2825979,0.093598545
0.32982236,0.29988986,0.029932499
0.5377534,0.37519452,0.16255888
0.089676075,0.26849115,-0.17881507
0.5720063,0.31771755,0.25428873
0.18498433,0.25845137,-0.073467046
0.35187042,0.33526433,0.016606092
0.06371996,0.2826621,-0.21894214
0.7589655,0.37070417,0.38826132
0.24989551,0.3316694,-0.08177388
0.036907002,0.20593543,-0.16902843
0.21035528,0.2764915,-0.06613621
0.08105538,0.21512151,-0.13406613
0.14365727,0.35748148,-0.21382421
0.10753051,0.24279441,-0.13526389
0.16702372,0.29232112,-0.1252974
0.13510911,0.16319717,-0.028088063
0.13156918,0.2971496,-0.16558042
0.11231107,0.22391713,-0.111606054
0.13768487,0.18638411,-0.048699245
0.1547068,0.22063512,-0.06592831
0.1793957,0.23017855,-0.050782844
0.07438526,0.19011143,-0.115726165
0.12399341,0.2118854,-0.08789198
0.10531525,0.22092268,-0.115607426
0.18650125,0.2710706,-0.08456935
0.11014284,0.24837618,-0.13823333
0.1827737,0.21726653,-0.034492835
0.24432541,0.2085734,0.035752013
0.13537034,0.19771995,-0.062349603
0.1241112,0.19410765,-0.069996454
0.13443513,0.25225365,-0.11781852
0.15425749,0.27612978,-0.12187229
0.122279726,0.33403653,-0.2117568
0.079918176,0.30402547,-0.2241073
0.1429955,0.3458053,-0.20280978
0.12878205,0.19379658,-0.065014526
0.13183041,0.31210387,-0.18027346
0.15946648,0.28616658,-0.1267001
0.13128988,0.27724907,-0.14595918
0.13635258,0.25678498,-0.12043239
0.11272382,0.24503598,-0.13231215
0.14368516,0.22999857,-0.08631341
0.12011149,0.2561326,-0.1360211
0.19398296,0.2830704,-0.08908743
0.1304929,0.23184735,-0.10135445
0.09162142,0.19344003,-0.10181861
0.18588236,0.25491977,-0.06903741
0.13313657,0.19049889,-0.057362318
0.13255425,0.21185659,-0.07930234
0.09411358,0.23318931,-0.13907573
0.1584814,0.26443514,-0.10595374
0.1076559,0.26676908,-0.15911318
0.10131317,0.3007253,-0.19941214
0.078517966,0.27104557,-0.19252759
0.069947556,0.25004658,-0.18009903
0.14938918,0.23703536,-0.08764619
0.2539869,0.22027212,0.03371477
0.10860548,0.21364798,-0.105042495
0.11154174,0.20867452,-0.09713278
0.23479147,0.17377572,0.061015755
0.13149995,0.19442347,-0.06292352
0.13390328,0.25951415,-0.12561087
0.26588866,0.2780394,-0.012150735
0.20385104,0.30050632,-0.09665528
0.18264937,0.2664343,-0.08378494
0.11481171,0.15917507,-0.044363357
0.17868908,0.29886734,-0.12017827
0.12639022,0.27762127,-0.15123105
0.21316072,0.2415303,-0.028369576
0.1527643,0.22438043,-0.07161613
0.1649162,0.2259655,-0.061049297
0.23724706,0.14954412,0.087702945
0.24112377,0.22919366,0.011930108
0.23131186,0.21990483,0.011407033
0.13574171,0.2112746,-0.07553288
0.37994298,0.24803062,0.13191237
0.15550204,0.17005153,-0.014549494
0.45590955,0.22120176,0.23470779
0.104603395,0.22437982,-0.11977643
0.10955637,0.18515866,-0.075602286
0.1206849,0.17689928,-0.056214385
0.13712624,0.18240237,-0.045276135
0.13974446,0.2263306,-0.08658613
0.08658288,0.24020192,-0.15361905
0.09232478,0.24136443,-0.14903966
0.23511541,0.18581438,0.04930103
0.15846965,0.20316195,-0.044692308
0.09926835,0.21070033,-0.111431986
0.15258667,0.19975488,-0.04716821
0.13106108,0.30973446,-0.17867339
0.13733067,0.21598563,-0.07865496
0.1705386,0.21236756,-0.04182896
0.10736201,0.28912953,-0.18176752
0.19253443,0.21403742,-0.021502987
0.2945198,0.21037617,0.08414364
0.15630662,0.21449941,-0.05819279
0.14196427,0.30197668,-0.16001241
0.16043411,0.27206066,-0.11162655
0.15946233,0.18892924,-0.029466912
0.17389284,0.19626841,-0.022375569
0.1367037,0.19600578,-0.059302077
0.13015199,0.23671713,-0.10656515
0.13889806,0.26885813,-0.12996008
0.17756055,0.22090857,-0.043348014
0.1367664,0.2756856,-0.1389192
0.21538709,0.17824714,0.037139952
0.21002659,0.21374674,-0.0037201494
0.18029827,0.18711078,-0.006812513
0.25962952,0.27736667,-0.01773715
0.11473857,0.15631351,-0.04157494
0.119201094,0.18997586,-0.070774764
0.16272251,0.24364457,-0.08092205
0.11633798,0.29756135,-0.18122336
0.12044456,0.2364824,-0.11603784
0.09074693,0.24251606,-0.15176913
0.13160443,0.22392349,-0.09231906
0.20460339,0.2106263,-0.0060229152
0.27644247,0.2600963,0.016346157
0.29660967,0.19794355,0.09866612
0.16953547,0.28365332,-0.114117846
0.105136305,0.22120905,-0.116072744
0.19453025,0.23567179,-0.04114154
0.119180195,0.2588643,-0.13968411
0.10639022,0.28837714,-0.18198691
0.06394442,0.22594115,-0.16199672
0.12249263,0.1838766,-0.061383978
0.19019377,0.22085029,-0.030656517
0.14165603,0.2749111,-0.13325508
0.2392011,0.18656138,0.052639723
0.11657831,0.33021128,-0.21363297
0.13091478,0.20386058,-0.0729458
0.1551781,0.16480553,-0.009627432
0.15003704,0.23388475,-0.08384772
0.25499,0.19818865,0.056801364
0.23629618,0.26258683,-0.026290655
0.11386149,0.188257,-0.07439551
0.123443514,0.19532782,-0.071884304
0.2169336,0.18769631,0.029237285
0.09627462,0.24937493,-0.15310031
0.21028715,0.26276577,-0.05247861
0.2098176,0.25294834,-0.04313074
0.12019834,0.31841004,-0.1982117
0.14663056,0.20924515,-0.06261459
0.18771729,0.1545774,0.033139884
0.13577372,0.18596387,-0.05019015
0.15592979,0.2011848,-0.045255005
0.20326588,0.2094573,-0.0061914176
0.10707399,0.14711219,-0.0400382
0.23460339,0.19358589,0.041017503
0.1429315,0.19576232,-0.052830815
0.10787403,0.24350008,-0.13562605
0.30999523,0.23147412,0.07852112
0.263966,0.20765293,0.056313068
0.18147905,0.22312543,-0.041646376
0.12643202,0.18665668,-0.060224667
0.12987964,0.33618614,-0.2063065
0.107194826,0.20283921,-0.095644385
0.24580507,0.24106094,0.0047441274
0.17890851,0.19675636,-0.01784785
0.28087297,0.3025718,-0.021698833
0.19629619,0.22948928,-0.033193097
0.15099837,0.25214797,-0.1011496
0.108072564,0.22767544,-0.119602874
0.17160444,0.21011178,-0.038507342
0.19482283,0.24353325,-0.04871042
0.21049681,0.2208687,-0.010371894
0.21489598,0.28408265,-0.06918667
0.21912795,0.26164842,-0.042520463
0.106327526,0.20959891,-0.10327139
0.16927424,0.16663213,0.00264211
0.11249263,0.16552775,-0.053035118
0.15379879,0.2544461,-0.1006473
0.14148949,0.23614371,-0.09465422
0.08164557,0.22192702,-0.14028144
0.08941464,0.22009669,-0.13068205
0.2300475,0.22707961,0.0029678792
0.17931603,0.22061254,-0.041296512
0.15776888,0.24192575,-0.08415687
0.18477058,0.1712029,0.013567686
0.11087754,0.25243095,-0.1415534
0.13704853,0.17817698,-0.041128457
0.19311959,0.22839102,-0.035271436
0.12093568,0.2506424,-0.12970671
0.12969221,0.22725505,-0.097562835
0.10489597,0.18334424,-0.07844827
0.20633797,0.21847028,-0.012132302
0.11103428,0.25910375,-0.14806947
0.24030872,0.2030203,0.037288412
0.3600475,0.26063132,0.09941617
0.0907417,0.21931604,-0.12857434
0.13436306,0.19316237,-0.05879931
0.16551249,0.31482542,-0.14931293
0.1452826,0.26202238,-0.11673978
0.12188657,0.22234501,-0.10045844
0.104666084,0.2980485,-0.19338241
0.17882492,0.23142414,-0.05259922
0.22252397,0.20039213,0.022131845
0.25391373,0.2372199,0.01669383
0.2065992,0.20790575,-0.0013065487
0.11543934,0.26178962,-0.14635028
0.12353756,0.2509371,-0.12739953
0.15500046,0.25496203,-0.099961564
0.17671415,0.23655444,-0.05984029
0.20749785,0.30262786,-0.09513001
0.19874132,0.23562066,-0.036879346
0.3550173,0.2342157,0.1208016
0.32903278,0.22835997,0.10067281
0.2366196,0.27793592,-0.041316316
0.43531877,0.2511758,0.18414298
0.5344473,0.254117,0.2803303
0.57633406,0.26818514,0.30814892
0.04988724,0.23787552,-0.18798828
0.2828235,0.3111971,-0.028373599
0.24672109,0.1892873,0.057433784
0.090273865,0.29115006,-0.2008762
0.2799813,0.22125801,0.05872327
0.536836,0.2592793,0.27755672
0.07024252,0.1686965,-0.098453976
0.2219771,0.18791208,0.034065023
0.2185236,0.37738112,-0.15885751
0.14556122,0.24048227,-0.09492105
0.16271901,0.23816386,-0.07544485
0.06548808,0.21212696,-0.14663887
0.37359676,0.2160821,0.15751466
0.20944314,0.26112098,-0.051677838
0.11026864,0.22220168,-0.11193304
0.26678902,0.27831566,-0.011526644
0.3298402,0.27233708,0.057503134
0.18447448,0.22178887,-0.037314385
0.12550375,0.2592964,-0.13379264
0.23213384,0.28850427,-0.056370437
0.064061746,0.31067374,-0.246612
0.67416626,0.30802506,0.3661412
0.5768569,0.29719418,0.27966273
0.48538357,0.24256963,0.24281394
0.17150165,0.24470508,-0.07320343
0.19002308,0.24638352,-0.05636044
0.3415957,0.29465866,0.04693705
0.12117773,0.16117077,-0.039993033
0.21104188,0.22755855,-0.01651667
0.35613593,0.30204433,0.054091603
0.5937065,0.25778562,0.33592087
0.0673585,0.22002712,-0.15266863
0.15795411,0.17815048,-0.020196363
0.12144419,0.33342385,-0.21197966
0.80433345,0.2941687,0.51016474
0.2838162,0.193634,0.090182185
0.43477228,0.35424793,0.080524355
0.065341786,0.24174249,-0.1764007
0.23502308,0.29919893,-0.064175844
0.48480886,0.24673423,0.23807463
0.19845046,0.31826574,-0.119815275
0.31269288,0.28189638,0.030796498
0.09151211,0.31003678,-0.21852466
0.06949539,0.2512511,-0.18175572
0.03542538,0.15225795,-0.11683257
0.17386843,0.26228154,-0.088413104
0.224626,0.24527223,-0.02064623
0.37994993,0.31993192,0.060018003
0.07980887,0.28927803,-0.20946917
0.35048807,0.2448602,0.105627865
0.5133512,0.34755623,0.16579497
0.4226145,0.26602432,0.1565902
0.17166363,0.27947956,-0.107815936
0.2700022,0.1966159,0.07338628
0.14065003,0.22260787,-0.08195783
0.4680795,0.2186419,0.2494376
0.09903562,0.23854157,-0.13950595
0.32004398,0.19310607,0.12693791
0.22882663,0.23240443,-0.0035777986
0.5929646,0.3103662,0.28259838
0.29628745,0.24454068,0.05174677
0.3835863,0.23528838,0.1482979
0.35834596,0.2833643,0.07498166
0.217463,0.25322086,-0.035757855
0.32765108,0.24884948,0.0788016
0.18286008,0.2227522,-0.039892122
0.24958943,0.27162534,-0.022035912
0.12361242,0.2219099,-0.09829748
0.2489259,0.3385542,-0.08962831
0.19453196,0.21405166,-0.019519702
0.100906044,0.25260633,-0.15170029
0.22783917,0.20049042,0.027348757
0.22590604,0.21332732,0.012578726
0.37975138,0.22886783,0.15088356
0.4855142,0.22798154,0.25753266
0.43100008,0.33704314,0.09395695
0.12970437,0.30291247,-0.1732081
0.2397932,0.34460908,-0.104815885
0.3154515,0.23225,0.0832015
0.09676289,0.16296926,-0.06620637
0.4438005,0.23886754,0.20493297
0.118194446,0.32835686,-0.21016242
0.52523726,0.2319373,0.29329997
0.2763606,0.29957658,-0.02321598
0.41072318,0.2712178,0.13950539
0.13066572,0.2562806,-0.12561488
0.38757154,0.21209052,0.17548102
0.3701746,0.2696294,0.1005452
0.27152255,0.2772209,-0.005698353
0.5833146,0.25615132,0.32716328
0.01754659,0.25633317,-0.23878658
0.37351838,0.23301312,0.14050525
0.35463646,0.2503277,0.104308754
0.6059374,0.3752345,0.2307029
0.66334075,0.23236883,0.43097192
0.15641284,0.16832997,-0.011917129
0.033716913,0.19747943,-0.16376251
0.4940513,0.3696189,0.124432415
0.099673025,0.28622082,-0.18654779
0.671836,0.23177314,0.44006288
0.1919353,0.24831168,-0.056376383
0.2035863,0.25466383,-0.05107753
0.4738005,0.43342948,0.04037103
0.44609413,0.21387206,0.23222207
0.5215069,0.27396965,0.24753726
0.38366467,0.24621463,0.13745004
0.5617054,0.39611027,0.16559514
0.75620383,0.34489474,0.4113091
0.033345964,0.33957887,-0.3062329
0.35606802,0.2412411,0.11482692
0.23789664,0.36598152,-0.12808488
0.31956854,0.27620524,0.043363303
0.2740983,0.21357816,0.060520142
0.103753485,0.26752132,-0.16376784
0.048664667,0.16012818,-0.11146351
0.46909833,0.30586025,0.16323808
0.16221744,0.2642129,-0.10199547
0.38510668,0.23899513,0.14611155
0.40012756,0.2418641,0.15826346
0.3402216,0.35728654,-0.017064929
0.17554033,0.2767525,-0.10121217
0.3695842,0.2677228,0.10186142
0.3327399,0.4359525,-0.103212625
0.08516937,0.28430593,-0.19913656
0.15567616,0.30481398,-0.14913782
0.21783917,0.26729438,-0.04945521
0.29572317,0.34652135,-0.050798178
0.37474096,0.34149197,0.03324899
0.30155912,0.30012593,0.0014331937
0.17546718,0.2140598,-0.03859262
0.1973376,0.2576046,-0.060267
0.083278045,0.28561985,-0.20234181
0.039850667,0.20748164,-0.16763097
0.5687221,0.24489713,0.323825
0.11898337,0.30929196,-0.19030859
0.2101537,0.26403713,-0.053883433
0.42541492,0.29989657,0.12551835
0.16842955,0.25185692,-0.08342737
0.38345045,0.344328,0.039122462
0.2630325,0.27326742,-0.010234922
0.5027033,0.31347233,0.18923098
0.37965736,0.27935737,0.100299984
0.23405129,0.27688932,-0.042838037
0.27371168,0.26511016,0.0086015165
0.13108891,0.21108478,-0.07999587
0.23559257,0.22459227,0.011000305
0.46771902,0.16580546,0.30191356
0.30391023,0.25180838,0.05210185
0.28365946,0.217989,0.06567046
0.17042539,0.25109458,-0.080669194
0.078727365,0.27458638,-0.19585901
0.60251004,0.2723983,0.33011174
0.27852884,0.2706516,0.007877231
0.6620398,0.31096688,0.35107294
0.38904607,0.2955103,0.09353578
0.03308473,0.2488344,-0.21574967
0.17696142,0.21006359,-0.03310217
0.054746173,0.17074071,-0.115994535
0.1684609,0.27656326,-0.10810235
0.41074407,0.31292203,0.09782204
0.6804724,0.24308728,0.43738508
0.18200845,0.24175061,-0.059742168
0.6116323,0.3487873,0.26284498
0.40781304,0.23590165,0.17191139
0.22176811,0.31277335,-0.091005236
0.09681514,0.26896983,-0.1721547
0.19745255,0.2547871,-0.057334542
0.25615683,0.37472445,-0.118567616
0.41620386,0.2034657,0.21273816
0.14381096,0.2611804,-0.11736944
0.5644066,0.36947146,0.19493511
0.16579632,0.20609784,-0.040301517
0.33311608,0.32091975,0.012196332
0.1452791,0.28115126,-0.13587217
0.27935955,0.21772064,0.061638907
0.039291628,0.23787299,-0.19858137
0.27350792,0.1932594,0.08024852
0.22468871,0.26831552,-0.043626815
0.33461556,0.3354326,-0.00081703067
0.44606802,0.35688204,0.08918598
0.12035223,0.2518862,-0.13153395
0.30104712,0.28230155,0.018745571
0.070812,0.23879614,-0.16798414
0.11498651,0.24603704,-0.13105053
0.3442655,0.29464817,0.04961732
0.29963124,0.2711535,0.028477728
0.19189873,0.24819559,-0.056296855
0.3421234,0.30816498,0.033958405
0.22484022,0.23941262,-0.014572397
0.32653823,0.2774805,0.049057722
0.22043583,0.36031052,-0.1398747
0.36963123,0.26497734,0.104653895
0.27371693,0.3176964,-0.043979466
0.06575453,0.21540631,-0.14965178
0.556324,0.2604401,0.2958839
0.2215748,0.32668224,-0.10510744
0.28351316,0.27406493,0.00944823
0.5589938,0.30713397,0.25185984
0.21546717,0.29053456,-0.075067386
0.05601054,0.19374485,-0.13773431
0.0554724,0.23433894,-0.17886654
0.1717629,0.3655341,-0.1937712
0.21083291,0.2160244,-0.00519149
0.120592564,0.2770565,-0.15646392
0.028492255,0.26340824,-0.23491599
0.046334468,0.2795235,-0.23318902
0.18502308,0.30625436,-0.12123127
0.13416101,0.26220348,-0.12804247
0.50637627,0.3005476,0.20582867
0.6050753,0.29446918,0.31060612
0.5776877,0.3382482,0.23943949
0.3051589,0.20900364,0.09615527
0.17715473,0.31606895,-0.13891421
0.33925506,0.33365583,0.0055992305
0.66259885,0.3342759,0.32832295
0.59008056,0.26039317,0.3296874
0.3588632,0.30687356,0.051989645
0.08208159,0.16305523,-0.08097363
0.41238984,0.2686794,0.14371043
0.07410354,0.20081604,-0.1267125
0.40493947,0.26300102,0.14193845
0.2977399,0.248525,0.0492149
0.09941179,0.25948265,-0.16007087
0.42091128,0.24669912,0.17421216
0.030033529,0.1883803,-0.15834677
0.25819966,0.3343417,-0.07614204
0.53815264,0.33559066,0.20256197
0.43246824,0.3019933,0.13047493
0.29465735,0.25145936,0.04319799
0.34085903,0.31099996,0.029859066
0.31979102,0.2800804,0.03971061
0.8610658,0.26116765,0.59989816
0.23792058,0.23034802,0.0075725615
0.42607105,0.28814006,0.13793099
0.12827586,0.31492236,-0.1866465
0.054284222,0.2592671,-0.20498288
0.4825601,0.39956683,0.08299327
0.251139,0.21177651,0.039362475
0.068286315,0.2827912,-0.21450488
0.44705328,0.24009994,0.20695335
0.31115988,0.28235433,0.028805554
0.08592477,0.2642187,-0.17829391
0.096509926,0.23707196,-0.14056203
0.5381923,0.30258557,0.2356067
0.03244514,0.25825965,-0.22581452
0.4762069,0.21903767,0.25716925
0.5548589,0.25153208,0.30332685
0.15553814,0.2731962,-0.11765805
0.22016719,0.30617473,-0.086007535
0.35357368,0.25861573,0.09495795
0.35067922,0.3030969,0.04758233
0.24526645,0.24285194,0.0024145097
0.48153606,0.2842816,0.19725445
0.013855799,0.20078944,-0.18693364
0.25478578,0.30091596,-0.04613018
0.5212226,0.29872635,0.22249624
0.060386624,0.21029954,-0.14991291
0.036029257,0.32541698,-0.28938773
0.37854755,0.20687841,0.17166914
0.0769279,0.29232362,-0.21539572
0.24138977,0.20376682,0.037622944
0.12605016,0.25322828,-0.12717812
0.17415883,0.19280112,-0.018642291
0.25132707,0.33106202,-0.07973495
0.24961337,0.26302394,-0.013410568
0.15831766,0.400513,-0.24219534
0.02723093,0.20261455,-0.17538361
0.14386626,0.2741408,-0.13027455
0.12959248,0.336441,-0.20684853
0.27202716,0.20318203,0.06884514
0.41782653,0.29127434,0.1265522
0.7721212,0.19237444,0.5797467
0.09657262,0.24746767,-0.15089504
0.17850575,0.22487125,-0.0463655
0.084848486,0.19219609,-0.1073476
0.49287355,0.28909788,0.20377567
0.47301987,0.26309025,0.20992962
0.036990594,0.25619352,-0.21920292
0.17506792,0.27144372,-0.09637581
0.46289447,0.26703954,0.19585493
0.15364681,0.21013898,-0.056492165
0.11490073,0.2955808,-0.18068007
0.084545456,0.25077686,-0.1662314
0.06817137,0.22037834,-0.15220697
0.25615466,0.194585,0.06156966
0.38878787,0.23810878,0.15067908
0.27672938,0.3299549,-0.053225517
0.37056425,0.39668012,-0.026115865
0.45975965,0.22511837,0.23464128
0.53132707,0.36161214,0.16971493
0.45752352,0.24888839,0.20863514
0.51404387,0.32948887,0.184555
0.08800418,0.2246806,-0.13667643
0.2937931,0.194388,0.09940511
0.88850576,0.33640724,0.5520985
0.5807628,0.2825579,0.2982049
0.20350052,0.29770058,-0.09420006
0.2599164,0.35561576,-0.09569937
0.06246604,0.18567318,-0.12320714
0.014294671,0.21411607,-0.1998214
0.004179728,0.15799996,-0.15382023
0.16341692,0.25679448,-0.09337756
0.05011494,0.26610726,-0.21599232
0.30169278,0.29645693,0.005235851
0.13591431,0.24029148,-0.104377165
0.44945663,0.3583886,0.09106803
0.020208986,0.21628363,-0.19607465
0.10746081,0.2693729,-0.1619121
0.5398642,0.25732762,0.28253657
0.4443469,0.22997683,0.21437007
0.62363636,0.22905913,0.39457723
0.2653814,0.2885745,-0.023193091
0.68681294,0.30035493,0.386458
0.54423195,0.24584506,0.29838687
0.7403135,0.20989297,0.5304205
0.63170326,0.2914471,0.34025615
0.046415884,0.2471165,-0.20070063
0.23215257,0.18627486,0.04587771
0.13643678,0.25873774,-0.12230097
0.24218391,0.31709766,-0.074913755
0.1355068,0.4138111,-0.27830428
0.54898643,0.24278846,0.30619797
0.433814,0.32997057,0.10384342
0.20653082,0.21015519,-0.0036243647
0.27821317,0.23554204,0.04267113
0.051609196,0.23878616,-0.18717697
0.67070013,0.29945865,0.37124148
0.01863114,0.21403167,-0.19540052
0.44278997,0.21182609,0.23096389
0.2651306,0.23599854,0.029132068
0.5405016,0.26776853,0.27273306
0.34263322,0.22791842,0.1147148
0.36489028,0.31535769,0.049532592
0.080501564,0.25450978,-0.17400822
0.07104493,0.26062402,-0.1895791
0.07601881,0.20301673,-0.12699792
0.50317657,0.33642298,0.16675359
0.133093,0.28307155,-0.14997855
0.7075026,0.330897,0.3766056
0.31211075,0.20752357,0.10458718
0.49507836,0.28924412,0.20583424
0.5967398,0.31509018,0.28164965
0.08752351,0.2428873,-0.1553638
0.19138975,0.28137368,-0.089983925
0.058066875,0.18241495,-0.124348074
0.121212125,0.26848176,-0.14726964
0.21677116,0.2953819,-0.07861075
0.05693835,0.22100712,-0.16406877
0.33580983,0.2286722,0.10713762
0.488046,0.34102225,0.14702374
0.7720167,0.2981591,0.4738576
0.19515151,0.24707256,-0.051921055
0.10308255,0.21703862,-0.113956064
0.6303344,0.2875166,0.34281778
0.08982236,0.19949086,-0.1096685
0.2735423,0.3212456,-0.047703296
0.22688611,0.2342883,-0.0074021965
0.31964472,0.3430946,-0.023449868
0.35215256,0.28352302,0.06862953
0.027972832,0.22504038,-0.19706754
0.36124346,0.4054795,-0.044236034
0.30408567,0.22716138,0.076924294
0.13865204,0.23135096,-0.09269892
0.43174502,0.2691585,0.16258651
0.4486625,0.31002465,0.13863784
0.3524138,0.33200103,0.020412773
0.26182863,0.31755725,-0.055728614
0.43399164,0.26820764,0.165784
0.26579937,0.24817088,0.01762849
0.17611285,0.32626387,-0.15015103
0.41436782,0.24340746,0.17096037
0.10318704,0.22258662,-0.11939958
0.13272727,0.33598268,-0.20325541
0.2800627,0.22878876,0.051273942
0.5704493,0.22042027,0.35002902
0.13838035,0.31789875,-0.1795184
0.3779206,0.29642287,0.08149773
0.69609195,0.25662035,0.4394716
0.0014420063,0.21330993,-0.21186793
0.31572622,0.23430137,0.08142485
0.16668756,0.26372564,-0.097038075
0.12510972,0.2999697,-0.17485999
0.32525602,0.23660734,0.08864868
0.13707419,0.28675672,-0.14968254
0.18143156,0.20719813,-0.025766566
0.39198536,0.20033325,0.1916521
0.07879833,0.22135547,-0.14255714
0.0715256,0.2022416,-0.130716
0.56170326,0.232637,0.32906628
0.47751307,0.2765244,0.20098868
0.47803554,0.2753421,0.20269343
0.70748174,0.18747593,0.5200058
0.7345037,0.22126198,0.5132417
0.29549634,0.22299656,0.07249978
0.4077743,0.31639814,0.091376156
0.069425285,0.24987966,-0.18045437
0.48535004,0.26762387,0.21772617
0.21901776,0.27444488,-0.05542712
0.5946186,0.35632002,0.2382986
0.40716824,0.21535686,0.19181138
0.5749843,0.23672451,0.33825982
0.46701148,0.17109323,0.29591826
0.08285266,0.28740004,-0.20454738
0.13256009,0.25284857,-0.12028848
0.015485893,0.25342846,-0.23794256
0.21520376,0.25696456,-0.041760802
0.1816092,0.2846959,-0.103086695
0.6169697,0.30970663,0.30726308
0.42695925,0.23545414,0.1915051
0.000553814,0.27405682,-0.273503
0.17938349,0.23207687,-0.052693382
0.056603972,0.22864401,-0.17204005
0.6082236,0.28032166,0.32790196
0.37497386,0.28933233,0.08564153
0.11603971,0.23729901,-0.1212593
0.3387983,0.27863812,0.06016019
0.12318704,0.259092,-0.13590497
0.13344827,0.3140411,-0.18059283
0.15673982,0.24106045,-0.084320635
0.19862069,0.317829,-0.11920832
0.18223615,0.2474505,-0.06521435
0.21187043,0.3523241,-0.14045367
0.3087043,0.25970238,0.049001902
0.3925601,0.26620173,0.12635836
0.21510972,0.21853086,-0.0034211427
0.43300942,0.34539247,0.08761695
0.22994776,0.23976782,-0.009820059
0.011682341,0.19168958,-0.18000723
0.6411494,0.2739622,0.3671872
0.09563218,0.2319463,-0.13631412
0.15352142,0.30121762,-0.1476962
0.21329154,0.2562662,-0.042974666
0.11253919,0.23960358,-0.12706439
0.2653605,0.26542047,-5.9962273e-05
0.048787877,0.27415168,-0.2253638
0.5934587,0.30338943,0.29006928
0.58267504,0.34297135,0.23970369
0.3711703,0.21149029,0.15968002
0.6185789,0.29201415,0.32656476
0.43718913,0.26998916,0.16719997
0.0954023,0.25286898,-0.15746668
0.22972831,0.21665119,0.013077125
0.39081505,0.22986296,0.16095209
0.4332184,0.2695276,0.16369078
0.09820272,0.200857,-0.10265428
0.58725184,0.30077437,0.28647748
0.43812957,0.27614355,0.16198602
0.24948798,0.2774536,-0.02796562
0.4381191,0.28477842,0.1533407
0.5530199,0.24116856,0.31185132
0.24782655,0.2914344,-0.04360786
0.5658203,0.27168107,0.2941392
0.39112854,0.29492724,0.0962013
0.065768026,0.36611292,-0.30034488
0.56295717,0.37740952,0.18554765
0.26296762,0.195073,0.06789462
0.00015673981,0.2095827,-0.20942596
0.2846604,0.24481522,0.039845183
0.2486416,0.2938989,-0.045257315
0.015266458,0.22997358,-0.21470712
0.21783699,0.30568928,-0.087852284
0.16782655,0.31768835,-0.1498618
0.041212123,0.26862076,-0.22740863
0.29007316,0.22877374,0.061299413
0.24319749,0.19234234,0.050855145
0.082842216,0.28464186,-0.20179965
0.543302,0.32774878,0.21555322
0.22852665,0.26686907,-0.038342416
0.11884013,0.27468324,-0.15584311
0.42161965,0.33310625,0.088513404
0.83118075,0.21881506,0.6123657
0.025172414,0.20681551,-0.1816431
0.28166145,0.23228556,0.04937589
0.108662486,0.2727651,-0.16410261
0.49945664,0.24514481,0.25431183
0.037293624,0.17632188,-0.13902825
0.21280041,0.27482936,-0.062028944
0.19143155,0.2457388,-0.054307252
0.01045977,0.22065222,-0.21019246
0.058014628,0.30458415,-0.24656951
0.16579938,0.24968046,-0.08388108
0.60880876,0.30112106,0.3076877
0.061755486,0.23509172,-0.17333624
0.11724138,0.26284337,-0.14560199
0.1615883,0.24003913,-0.07845083
0.28920585,0.2901422,-0.00093635917
0.19225705,0.2809592,-0.08870214
0.40500522,0.2776261,0.12737912
0.05876698,0.261328,-0.20256104
0.23366772,0.3148644,-0.08119668
0.30159876,0.24327263,0.058326125
0.63505745,0.27769336,0.3573641
0.061180774,0.16284248,-0.10166171
0.08902821,0.17205548,-0.08302727
0.105182864,0.21802662,-0.11284376
0.013636364,0.26318622,-0.24954985
0.16319749,0.34181666,-0.17861918
0.8410031,0.26041085,0.5805923
0.027742947,0.28491303,-0.25717008
0.45967606,0.33978778,0.119888276
0.29016718,0.32415843,-0.033991247
0.20897597,0.31110412,-0.10212815
0.033134796,0.31353983,-0.28040504
0.24536051,0.1937607,0.051599815
0.42198536,0.26775506,0.1542303
0.73291534,0.34669882,0.38621652
0.073093,0.24726081,-0.17416781
0.2711076,0.22854796,0.042559654
0.25269592,0.32035375,-0.06765783
0.50573665,0.24644643,0.25929022
0.37615466,0.22504476,0.1511099
0.16208987,0.19797868,-0.035888806
0.6577116,0.3315752,0.3261364
0.048537094,0.22346352,-0.17492643
0.14452456,0.30772436,-0.1631998
0.21901776,0.27388918,-0.054871425
0.4192581,0.22173679,0.1975213
0.62946707,0.35421494,0.27525213
0.24757576,0.24887782,-0.0013020635
0.18049112,0.30905354,-0.12856242
0.7140334,0.33370164,0.38033178
0.698349,0.34792706,0.35042194
0.16378266,0.32320917,-0.15942651
0.008014629,0.2698194,-0.2618048
0.19859979,0.27548465,-0.076884866
0.07079415,0.2608596,-0.19006546
0.16827586,0.32334572,-0.15506986
0.20987462,0.30885965,-0.09898503
0.008328109,0.2883393,-0.28001118
0.22501567,0.27105722,-0.04604155
0.3914629,0.30476314,0.086699754
0.011316614,0.24244443,-0.23112781
0.005506792,0.18601473,-0.18050793
0.65652037,0.29414394,0.36237642
0.23824452,0.27832842,-0.0400839
0.060961336,0.22387846,-0.16291712
0.15733543,0.31821734,-0.1608819
0.044649947,0.2248987,-0.18024875
0.03354232,0.15284029,-0.11929797
0.4780982,0.34905827,0.12903994
0.37152562,0.29742253,0.07410309
0.005924765,0.23180988,-0.22588512
0.17006269,0.21293178,-0.04286909
0.046353187,0.18692482,-0.14057162
0.12958203,0.23934998,-0.10976794
0.4201254,0.32110512,0.09902027
0.58038664,0.29420614,0.2861805
0.1484535,0.23289952,-0.08444601
0.014242425,0.24121714,-0.22697471
0.22137931,0.21714549,0.004233822
0.058892373,0.21094461,-0.15205224
0.60189134,0.3164554,0.28543594
0.5857262,0.29147577,0.29425043
0.1792163,0.22608534,-0.04686904
0.49045977,0.32961923,0.16084054
0.12067921,0.18980698,-0.069127776
0.28388715,0.22914574,0.054741412
0.5160815,0.31163213,0.20444939
0.588767,0.32519427,0.26357272
0.50592476,0.29525822,0.21066654
0.2569279,0.20712936,0.04979855
0.23592477,0.3435108,-0.10758604
0.6988088,0.36174345,0.33706534
0.45647857,0.36872393,0.08775464
0.7423929,0.3042162,0.4381767
0.14560084,0.2734505,-0.12784965
0.40650994,0.33482555,0.07168439
0.6335423,0.27223063,0.36131167
0.13523512,0.19246423,-0.057229117
0.015987461,0.21136567,-0.19537821
0.038631137,0.29651067,-0.25787953
0.2521421,0.33247453,-0.08033243
0.5327064,0.36866355,0.16404283
0.20800418,0.26089483,-0.05289066
0.1061233,0.20657197,-0.10044867
0.4586207,0.24914216,0.20947854
0.13867293,0.2743224,-0.13564946
0.2438767,0.23305103,0.010825664
0.2632393,0.25564998,0.0075893104
0.5020794,0.2156541,0.28642532
0.112560086,0.21328461,-0.100724526
0.053772204,0.28583026,-0.23205805
0.42297804,0.2723273,0.15065074
0.15145245,0.3013521,-0.14989966
0.07123302,0.25432152,-0.1830885
0.008808778,0.20583571,-0.19702694
0.21073145,0.21985118,-0.009119734
0.46115988,0.24778613,0.21337375
0.1763741,0.28123367,-0.104859576
0.10753396,0.23506966,-0.1275357
0.28755486,0.33879644,-0.051241577
0.09745037,0.23374951,-0.13629913
0.044221524,0.2329832,-0.18876168
0.51444095,0.25027558,0.26416537
0.2927795,0.20487425,0.08790526
0.110783696,0.24498971,-0.13420601
0.024587251,0.25014943,-0.22556219
0.37590387,0.18295273,0.19295114
0.020031348,0.2751607,-0.25512934
0.06934169,0.23215511,-0.16281343
0.4693208,0.28499952,0.18432128
0.11175548,0.20113371,-0.08937823
0.097439915,0.342576,-0.24513608
0.14966562,0.26634097,-0.11667535
0.1692581,0.23042443,-0.06116633
0.6887879,0.2956015,0.3931864
0.060825497,0.25435826,-0.19353276
0.59827584,0.22032934,0.3779465
0.6995925,0.28061056,0.4189819
0.39220482,0.22524497,0.16695985
0.16844305,0.21939518,-0.05095212
0.22100313,0.33260465,-0.11160152
0.036656216,0.19617997,-0.15952376
0.0053500524,0.22185728,-0.21650723
0.05708464,0.2841256,-0.22704096
0.18549635,0.24260673,-0.057110384
0.15742947,0.21066082,-0.053231344
0.016948799,0.27549234,-0.25854355
0.1384953,0.31931216,-0.18081686
0.24908046,0.24796365,0.0011168122
0.294535,0.18520582,0.109329194
0.20738767,0.2617371,-0.054349437
0.07709509,0.3636802,-0.28658512
0.27045977,0.2548623,0.015597463
0.059623826,0.25566202,-0.1960382
0.5430617,0.28427613,0.25878555
0.53161967,0.312585,0.21903467
0.50141066,0.23003826,0.2713724
0.097439915,0.35280514,-0.25536522
0.35089865,0.21916452,0.13173413
0.059770115,0.23523614,-0.17546603
0.07140021,0.1833548,-0.111954585
0.03587252,0.26180333,-0.22593081
0.5869697,0.3635304,0.22343928
0.22810867,0.18751752,0.04059115
0.32805642,0.18631521,0.14174122
0.49693835,0.20682193,0.29011643
0.80081505,0.27317226,0.5276428
0.21189132,0.29822007,-0.086328745
0.5553709,0.36602065,0.18935028
0.26895508,0.2662871,0.0026679933
0.40551725,0.2675772,0.13794005
0.009184953,0.23365569,-0.22447073
0.11664577,0.28138113,-0.16473536
0.08723093,0.22840428,-0.14117336
0.4527586,0.26703343,0.18572518
0.35252872,0.33591557,0.016613156
0.4082654,0.26090482,0.1473606
0.42130616,0.29687572,0.12443045
0.37822363,0.2511517,0.12707192
0.3122048,0.26096,0.051244795
0.30124348,0.34232742,-0.041083932
0.25240335,0.23639733,0.016006023
0.04,0.26883548,-0.2288355
0.3834065,0.22642298,0.15698351
0.23340648,0.28125906,-0.047852576
0.22293626,0.36707392,-0.14413767
0.04567398,0.32970303,-0.28402907
0.09577847,0.2253538,-0.12957534
0.667419,0.3657047,0.30171433
0.17782654,0.23354635,-0.055719808
0.023573667,0.24740776,-0.2238341
0.25928944,0.24897942,0.010310024
0.07430512,0.257444,-0.18313888
0.59658307,0.2604188,0.33616427
0.06249739,0.2625221,-0.20002471
0.18140021,0.22646028,-0.04506007
0.09519331,0.29580477,-0.20061146
0.07580982,0.24048333,-0.1646735
0.08955068,0.23492047,-0.1453698
0.43421108,0.28715408,0.147057
0.3347858,0.22487397,0.109911814
0.10982236,0.25293392,-0.14311156
0.4864995,0.2655716,0.2209279
0.24820271,0.34902868,-0.100825965
0.5032706,0.29198998,0.21128064
0.2613793,0.34705004,-0.08567074
0.13357367,0.27275616,-0.1391825
0.08249739,0.29032925,-0.20783186
0.1146186,0.20925677,-0.09463817
0.13848485,0.25799662,-0.11951177
0.32660398,0.22900343,0.09760055
0.39672935,0.29546118,0.10126817
0.24205852,0.27822477,-0.03616625
0.11637408,0.23637973,-0.120005645
0.31890282,0.2037128,0.115190014
0.37263322,0.26386225,0.10877097
0.24793103,0.2767266,-0.02879557
0.6177116,0.32052743,0.29718417
0.09857889,0.23447767,-0.13589877
0.23361546,0.28443825,-0.050822794
0.021473354,0.27578738,-0.25431404
0.23619644,0.28722918,-0.051032737
0.282884,0.30115998,-0.018275976
0.6819958,0.35086602,0.3311298
0.61907,0.310985,0.308085
0.029362591,0.16569728,-0.13633469
0.40646812,0.28095,0.12551811
0.039278995,0.2734527,-0.2341737
0.31670848,0.26295903,0.053749442
0.6094044,0.3037298,0.30567458
0.54848486,0.30170935,0.24677551
0.5495925,0.25968722,0.28990528
0.32342738,0.23156103,0.091866344
0.18924765,0.2848688,-0.09562115
0.10709509,0.23393145,-0.12683636
0.31647858,0.32760626,-0.011127681
0.39889237,0.24212892,0.15676345
0.22176594,0.23813467,-0.016368732
0.023667712,0.1813875,-0.15771979
0.17388715,0.1984282,-0.02454105
0.57192266,0.25228044,0.31964222
0.094660394,0.2358594,-0.141199
0.4308464,0.3173046,0.11354178
0.19846395,0.18607825,0.012385696
0.25897595,0.24655572,0.012420237
0.031327065,0.24682605,-0.21549898
0.19727273,0.24995676,-0.052684024
0.30464995,0.19324669,0.11140326
0.16660397,0.28865513,-0.122051165
0.1555695,0.2313727,-0.075803205
0.1269906,0.33346897,-0.20647837
0.18249738,0.249403,-0.06690562
0.45576802,0.33200508,0.123762935
0.05678161,0.22622842,-0.16944681
0.19161965,0.21044157,-0.018821925
0.29584116,0.33402544,-0.038184285
0.4475444,0.29413664,0.15340775
0.22417973,0.2886623,-0.064482585
0.69605017,0.28188524,0.41416493
0.4696552,0.31559747,0.15405771
0.26695925,0.34172273,-0.07476348
0.22495298,0.28243977,-0.057486787
0.06198537,0.27486753,-0.21288216
0.013740857,0.242198,-0.22845715
0.07297806,0.3706446,-0.29766655
0.01661442,0.30749184,-0.29087743
0.012622779,0.21817324,-0.20555046
0.038662486,0.23347114,-0.19480866
0.2831348,0.22706838,0.05606641
0.20804597,0.18867278,0.019373193
0.08714733,0.29963857,-0.21249124
0.17543365,0.26243857,-0.087004915
0.04445141,0.31295043,-0.26849902
0.3746395,0.26296723,0.11167228
0.0930303,0.24408557,-0.15105526
0.19708464,0.26335472,-0.06627008
0.40873563,0.23928863,0.169447
0.37718913,0.26403052,0.11315861
0.33657262,0.38304,-0.046467394
0.10215256,0.2105212,-0.10836864
0.08075235,0.23515078,-0.15439844
0.108171366,0.19301026,-0.08483889
0.38574713,0.27543327,0.11031386
0.03818182,0.21113959,-0.17295778
0.5258621,0.276847,0.2490151
0.09593521,0.19355962,-0.097624406
0.6218182,0.30881277,0.31300542
0.24394985,0.2442297,-0.0002798587
0.40649948,0.32370812,0.08279136
0.15555903,0.27605703,-0.120498
0.29754442,0.15892126,0.13862316
0.50261235,0.22262374,0.27998862
0.036259145,0.27883583,-0.24257669
0.37295717,0.30110067,0.0718565
0.26803553,0.22515103,0.0428845
0.29863113,0.2887792,0.0098519325
0.33272728,0.24432153,0.08840576
0.19047016,0.23674043,-0.046270266
0.33196056,0.22738624,0.10457432
0.04256144,0.22931555,-0.18675411
0.48201585,0.21135744,0.2706584
0.31544682,0.18601854,0.12942828
0.20013173,0.29094353,-0.090811804
0.23952758,0.22603066,0.0134969205
0.3518175,0.21447201,0.13734548
0.21870427,0.22601312,-0.0073088557
0.06309812,0.22043484,-0.15733673
0.2135948,0.22842246,-0.014827669
0.25601512,0.2496118,0.006403327
0.280261,0.24119222,0.03906879
0.31329435,0.2546813,0.058613062
0.18392383,0.24822775,-0.06430392
0.2366196,0.27793592,-0.041316316
0.3738487,0.30087465,0.072974056
0.18012984,0.2931325,-0.11300267
0.15521762,0.21036066,-0.055143043
0.030693857,0.20102909,-0.17033523
0.2325089,0.2875881,-0.055079192
0.40950087,0.2215574,0.18794347
0.18776783,0.23698634,-0.049218506
0.27237222,0.30092895,-0.028556734
0.4328605,0.23994382,0.19291668
0.24934502,0.27062878,-0.02128376
0.2756304,0.3095749,-0.033944488
0.17786402,0.2652571,-0.087393075
0.15412533,0.19326921,-0.039143875
0.21168295,0.25311434,-0.041431397
0.2837335,0.21779054,0.06594294
0.18746878,0.22872025,-0.041251466
0.2610259,0.25220025,0.00882566
0.60994065,0.23872949,0.37121117
0.030842697,0.20848243,-0.17763974
0.18547466,0.20014304,-0.014668375
0.31899542,0.19723304,0.12176238
0.515464,0.20807931,0.3073847
0.20159443,0.26737058,-0.065776154
0.20031115,0.26686448,-0.066553324
0.17084672,0.2958541,-0.12500738
0.21434665,0.234543,-0.020196348
0.069686204,0.22620738,-0.15652117
0.21398427,0.20123559,0.012748674
0.33282965,0.23690526,0.09592439
0.08820157,0.17338169,-0.08518012
0.21907467,0.20545289,0.013621777
0.3754767,0.22270069,0.152776
0.34761986,0.23223191,0.11538795
0.17821524,0.19357425,-0.015359014
0.27153084,0.26710185,0.0044289827
0.17574602,0.29602394,-0.12027791
0.23389348,0.22659075,0.0073027313
0.24599706,0.2020004,0.043996662
0.2839707,0.23347619,0.05049452
0.030038057,0.20343038,-0.17339233
0.23262918,0.19891775,0.033711433
0.16291131,0.18831027,-0.025398955
0.105454504,0.19946653,-0.09401202
0.124566354,0.20520177,-0.08063542
0.17155093,0.19180249,-0.020251557
0.18407582,0.20280966,-0.018733844
0.14210993,0.21973059,-0.077620655
0.35241514,0.19419482,0.15822032
0.11733776,0.21544728,-0.09810951
0.23071206,0.18760449,0.04310757
0.14628647,0.23591699,-0.089630514
0.27179834,0.22077237,0.05102597
0.18657939,0.17505784,0.011521548
0.108399585,0.19783328,-0.0894337
0.18153398,0.21410485,-0.03257087
0.041930974,0.21466662,-0.17273565
0.24333912,0.21704948,0.026289642
0.25883254,0.24099392,0.017838627
0.27944958,0.23301771,0.04643187
0.16880997,0.18312743,-0.014317468
0.22393449,0.21357195,0.010362536
0.22439781,0.18107295,0.043324858
0.24323767,0.18506584,0.05817184
0.35164356,0.20664458,0.14499898
0.15775743,0.2340945,-0.07633707
0.3550173,0.2342157,0.1208016
0.26365986,0.30331346,-0.0396536
0.2507928,0.28535336,-0.03456056
0.2198363,0.20389158,0.01594472
0.24984044,0.23977292,0.0100675225
0.24094112,0.19806908,0.04287204
0.22177836,0.20408803,0.01769033
0.16368997,0.23142064,-0.067730665
0.2280116,0.20774399,0.020267606
0.1668852,0.24658084,-0.07969564
0.19873586,0.20349431,-0.0047584474
0.15477648,0.25364235,-0.09886587
0.16996959,0.18620872,-0.016239136
0.031008841,0.21208054,-0.1810717
0.32696646,0.24738652,0.07957995
0.18676822,0.24507934,-0.05831112
0.2871237,0.20555173,0.08157198
0.2957143,0.2586122,0.037102103
0.2765558,0.23844075,0.038115054
0.40085083,0.32894808,0.07190275
0.33177334,0.28326553,0.04850781
0.30932444,0.21735504,0.0919694
0.2860763,0.24815257,0.03792374
0.22970226,0.21122034,0.018481925
0.32875052,0.26061344,0.06813708
0.073388524,0.18236849,-0.10897996
0.28795993,0.2772282,0.010731727
0.32903278,0.22835997,0.10067281
0.18629047,0.20251796,-0.016227484
0.3260195,0.2104395,0.11557999
0.16417034,0.2657463,-0.101575956
0.15872194,0.24665055,-0.08792861
0.18296896,0.26108545,-0.07811649
0.20481235,0.20025377,0.004558578
0.29886854,0.2054464,0.09342213
0.23171116,0.23990989,-0.008198723
0.25049374,0.2837417,-0.033247977
0.33241475,0.229493,0.10292174
0.04726326,0.21160118,-0.16433792
0.47928682,0.29286712,0.1864197
0.22406627,0.20450224,0.019564033
0.23742715,0.30701685,-0.069589704
0.21900369,0.24245101,-0.02344732
0.32775518,0.1901933,0.13756189
0.30583894,0.21990402,0.08593492
0.03363467,0.26528534,-0.23165068
0.38981274,0.20618513,0.1836276
0.40782714,0.26122504,0.1466021
0.4072783,0.24528411,0.16199419
0.029796679,0.18474826,-0.15495159
0.2569647,0.2007095,0.056255206
0.20542426,0.19688325,0.008541018
0.23569085,0.2199262,0.015764654
0.22069749,0.23031202,-0.009614527
0.5352916,0.30779475,0.22749686
0.25370917,0.21090075,0.042808414
0.041321944,0.28943932,-0.24811737
0.32567555,0.24130504,0.08437051
0.17165186,0.31538755,-0.14373569
0.18128432,0.27951694,-0.09823261
0.15956482,0.21617322,-0.056608394
0.17110226,0.28474385,-0.11364159
0.32353738,0.28477842,0.038758963
0.31129098,0.2088413,0.102449685
0.43531877,0.2511758,0.18414298
0.32969248,0.30178824,0.027904242
0.066218495,0.22777444,-0.16155595
0.19565636,0.19993204,-0.0042756796
0.061343886,0.23052877,-0.1691849
0.0430353,0.20765226,-0.16461696
0.16529849,0.26483014,-0.09953165
0.5766581,0.18526132,0.39139682
0.29169485,0.21820988,0.07348497
0.15549448,0.18754175,-0.03204727
0.30019015,0.18329945,0.1168907
0.2592082,0.22787076,0.03133744
0.1941049,0.21133834,-0.017233446
0.27311742,0.2885064,-0.015388966
0.34294438,0.24363402,0.09931037
0.32219818,0.25102508,0.0711731
0.25323793,0.22085321,0.032384723
0.26078576,0.21223,0.04855576
0.19455016,0.19902694,-0.0044767857
0.35459492,0.2176973,0.13689762
0.19692671,0.2569515,-0.060024798
0.33688557,0.22708571,0.10979986
0.40611053,0.21238473,0.1937258
0.5735613,0.22940686,0.34415445
0.4365449,0.23300438,0.20354052
0.3616452,0.19865586,0.16298933
0.5344473,0.254117,0.2803303
0.17298652,0.2469548,-0.07396828
0.25295955,0.19801027,0.054949284
0.31194916,0.18488187,0.1270673
0.1574353,0.29840523,-0.14096993
0.15914626,0.25941592,-0.10026966
0.05524307,0.27561933,-0.22037625
0.23109297,0.26732734,-0.036234364
0.18235129,0.22752553,-0.04517424
0.3167578,0.19751105,0.11924675
0.17292018,0.24752554,-0.07460536
0.49907807,0.2740795,0.22499856
0.28161788,0.26570794,0.01590994
0.3817711,0.2863838,0.09538728
0.17767091,0.29530483,-0.117633924
0.22999844,0.25537825,-0.025379807
0.32375064,0.18979552,0.13395512
0.16545624,0.20913178,-0.043675542
0.17735831,0.21939111,-0.042032793
0.26304382,0.24074107,0.022302747
0.3217183,0.32190114,-0.00018283725
0.3834664,0.21824273,0.16522366
0.07318025,0.22306353,-0.14988327
0.3190294,0.27327758,0.04575181
0.36423755,0.2747829,0.08945465
0.17068057,0.20443377,-0.0337532
0.1681706,0.19062528,-0.022454679
0.3889103,0.20722944,0.18168086
0.19929448,0.27753866,-0.07824418
0.22163016,0.24922591,-0.027595758
0.18826903,0.248207,-0.05993797
0.15835254,0.20668235,-0.048329815
0.34994563,0.24329585,0.106649786
0.17400596,0.22707254,-0.05306658
0.21726778,0.24639386,-0.029126078
0.2894224,0.25260702,0.036815375
0.30884597,0.21766257,0.091183394
0.3317632,0.191371,0.14039221
0.26093656,0.29292712,-0.031990558
0.20065987,0.24520904,-0.044549167
0.31162137,0.23203963,0.07958174
0.032776114,0.16823491,-0.1354588
0.3071938,0.26319882,0.043994963
0.26650864,0.21065997,0.055848673
0.074798055,0.28984004,-0.215042
0.23588245,0.20251083,0.033371612
0.34317386,0.2007258,0.14244807
0.15367454,0.34963888,-0.19596434
0.38406026,0.24049799,0.14356227
0.20943555,0.19441879,0.015016764
0.23569787,0.2952342,-0.059536338
0.43373862,0.27062863,0.16310999
0.19742113,0.20083436,-0.0034132302
0.03199856,0.23001263,-0.19801407
0.1716946,0.22305804,-0.05136344
0.6231671,0.21450707,0.40866002
0.27109236,0.31656545,-0.0454731
0.18641022,0.27222478,-0.085814565
0.043770596,0.1780108,-0.13424021
0.34281123,0.21939512,0.12341611
0.086624265,0.17819363,-0.091569364
0.18263918,0.201619,-0.018979818
0.31743768,0.2486128,0.06882487
0.26014715,0.27866346,-0.018516302
0.20912571,0.28490174,-0.075776026
0.1612659,0.2668619,-0.10559599
0.45931655,0.1935491,0.26576746
0.26787055,0.19224106,0.07562949
0.26581812,0.20026882,0.0655493
0.26537248,0.28731608,-0.021943599
0.17810677,0.29676968,-0.11866291
0.18903479,0.24573733,-0.05670254
0.2517701,0.21315262,0.03861749
0.3617272,0.24063495,0.12109226
0.27095756,0.207108,0.06384955
0.18880056,0.2238107,-0.035010144
0.44031844,0.22724937,0.21306907
0.2750521,0.22381277,0.051239327
0.29166025,0.23493007,0.05673018
0.07789185,0.16656014,-0.088668294
0.45127368,0.20215602,0.24911766
0.15529737,0.314438,-0.15914062
0.25968432,0.19987151,0.059812814
0.3446423,0.24855131,0.096091
0.30496445,0.20729625,0.0976682
0.57633406,0.26818514,0.30814892
0.24122125,0.22123882,0.019982427
0.2271084,0.22894292,-0.0018345118
0.15981561,0.29683775,-0.13702214
0.2710659,0.27687648,-0.0058105886
0.21937788,0.2436493,-0.024271429
0.25236672,0.18653019,0.065836534
0.24807279,0.31759965,-0.069526866
0.18580721,0.19379401,-0.007986799
0.26113823,0.24444711,0.016691118
0.25044358,0.19858685,0.051856726
0.20425399,0.2103211,-0.006067112
0.050923448,0.17573357,-0.124810115
0.027812226,0.27965784,-0.25184563
0.086584516,0.21481279,-0.12822828
0.33588746,0.23052071,0.10536675
0.32429823,0.22258843,0.1017098
0.29143456,0.20996855,0.081466004
0.25988898,0.24203217,0.017856807
0.37654114,0.21821007,0.15833107
0.31862676,0.22771612,0.09091064
0.38757154,0.21209052,0.17548102
0.31615257,0.19694476,0.119207814
0.12807369,0.21519499,-0.08712129
0.2047335,0.2067258,-0.0019923002
0.12109764,0.22261119,-0.10151355
0.21306215,0.2161003,-0.003038153
0.110392936,0.1773739,-0.066980965
0.1909572,0.17587522,0.015081987
0.15017262,0.1948797,-0.044707075
0.15764548,0.18324259,-0.02559711
0.26729903,0.21619017,0.051108852
0.21589175,0.24524865,-0.029356897
0.13914566,0.20777705,-0.068631396
0.104565226,0.19224046,-0.087675236
0.19589826,0.21058047,-0.0146822035
0.13152836,0.2181691,-0.08664073
0.14791907,0.1951712,-0.047252133
0.17357476,0.22487901,-0.05130425
0.14632611,0.17673694,-0.030410826
0.15025425,0.2013215,-0.051067248
0.18583469,0.22432908,-0.038494393
0.31915182,0.2574023,0.061749518
0.20910315,0.1737557,0.035347447
0.24521789,0.26468068,-0.019462794
0.14956348,0.24609245,-0.09652898
0.0994772,0.2027046,-0.10322739
0.19826415,0.19971919,-0.0014550388
0.1190935,0.19404422,-0.07495072
0.18705676,0.19815692,-0.011100158
0.24136084,0.19129516,0.05006568
0.16716234,0.25856048,-0.091398135
0.1785384,0.2177168,-0.0391784
0.17439908,0.21278366,-0.038384587
0.23399006,0.21147172,0.022518337
0.17100899,0.19040675,-0.019397765
0.1327626,0.17428198,-0.04151939
0.16752172,0.1974354,-0.029913679
0.28145173,0.17628796,0.10516377
0.15584233,0.1980621,-0.042219773
0.10152109,0.21756662,-0.116045535
0.10791996,0.23797023,-0.13005027
0.24676786,0.17609414,0.07067372
0.26551142,0.18289976,0.082611665
0.17307143,0.17144825,0.0016231835
0.18048748,0.19055957,-0.010072082
0.11174466,0.19255075,-0.08080609
0.16024747,0.15641509,0.003832385
