y_true,y_pred,error
0.16635495,0.20493269,-0.038577735
0.1547068,0.21197364,-0.05726683
0.15714672,0.22982486,-0.072678134
0.16682695,0.18714306,-0.020316109
0.23971097,0.23047104,0.009239927
0.177642,0.18396267,-0.0063206702
0.16114882,0.2584141,-0.09726527
0.17989905,0.19088054,-0.010981485
0.15590563,0.19328457,-0.037378937
0.090205535,0.28976962,-0.19956408
0.13183218,0.20210359,-0.0702714
0.09515329,0.20760047,-0.11244719
0.14726928,0.25399846,-0.10672918
0.09749394,0.27483058,-0.17733663
0.11482068,0.25200093,-0.13718024
0.18242079,0.2742514,-0.09183061
0.10178338,0.2592346,-0.15745123
0.16125746,0.2360352,-0.07477774
0.11499832,0.24842641,-0.1334281
0.20614882,0.20600829,0.00014053285
0.10991995,0.19257018,-0.08265023
0.10688068,0.2114686,-0.10458793
0.11473857,0.1821891,-0.06745054
0.088510774,0.18975611,-0.101245336
0.09709489,0.19670942,-0.09961453
0.5489311,0.2986059,0.25032523
0.2219771,0.23048465,-0.00850755
0.149461,0.22662464,-0.07716364
0.2185236,0.29579931,-0.07727571
0.32433343,0.1992257,0.12510774
0.42344218,0.26230106,0.16114113
0.0617285,0.18450311,-0.12277461
0.12373477,0.33879042,-0.21505564
0.1259374,0.23607051,-0.11013311
0.10866989,0.19071102,-0.08204113
0.24992904,0.2159768,0.033952236
0.18749653,0.22069055,-0.03319402
0.1704724,0.21964967,-0.049177274
0.15895943,0.21603513,-0.057075694
0.23450802,0.2455292,-0.011021182
0.39958942,0.22907656,0.17051286
0.22275253,0.22442997,-0.0016774386
0.2802373,0.24612999,0.034107298
0.2700022,0.2607085,0.009293675
0.4447096,0.27962258,0.16508701
0.08868775,0.19733056,-0.10864282
0.123492256,0.21269472,-0.08920246
0.2886072,0.27024516,0.018362045
0.13601054,0.18948585,-0.053475305
0.53203154,0.26500115,0.2670304
0.3731631,0.3619172,0.011245906
0.07608368,0.20591402,-0.12983033
0.5024077,0.27861804,0.22378969
0.40310782,0.29987404,0.103233784
0.5198454,0.30385712,0.21598831
0.055061832,0.20213577,-0.14707394
0.18115379,0.19123772,-0.010083929
0.12970437,0.25324082,-0.12353645
0.27453938,0.23020288,0.044336498
0.29160616,0.25988156,0.031724602
0.41072318,0.25261396,0.15810922
0.54122996,0.2335481,0.30768186
0.48865944,0.32806137,0.16059807
0.43053728,0.29712743,0.13340986
0.3610493,0.34642303,0.014626265
0.2010911,0.24970108,-0.048609987
0.029920768,0.18855911,-0.15863834
0.076785974,0.1840088,-0.10722283
0.21591868,0.19457862,0.021340057
0.12937522,0.19197556,-0.062600344
0.19170542,0.25824457,-0.06653915
0.28782046,0.24754861,0.04027185
0.051517334,0.2162302,-0.16471286
0.11188306,0.21133403,-0.099450976
0.3402216,0.2796814,0.0605402
0.6363606,0.24750996,0.38885063
0.30147773,0.37675133,-0.0752736
0.2054933,0.32938218,-0.12388888
0.64674723,0.27120435,0.37554288
0.24631575,0.22339186,0.022923887
0.1986281,0.2767443,-0.07811621
0.24859153,0.24741623,0.0011752993
0.1379145,0.21852194,-0.080607444
0.2030795,0.3375262,-0.1344467
0.23709205,0.23349658,0.0035954714
0.299973,0.20537184,0.09460117
0.5104306,0.2718508,0.23857978
0.31638673,0.26259524,0.053791493
0.7322928,0.22126691,0.51102585
0.16640979,0.23616503,-0.06975524
0.08042538,0.23466435,-0.15423897
0.116533004,0.33879292,-0.22225991
0.7093752,0.26921138,0.44016382
0.048727363,0.20860834,-0.15988098
0.43639195,0.23274511,0.20364684
0.53809214,0.24514237,0.29294977
0.46297503,0.29288176,0.17009327
0.3986564,0.39472654,0.0039298534
0.48825932,0.3183861,0.16987321
0.15777865,0.2597092,-0.10193056
0.38698232,0.20353109,0.18345124
0.20156132,0.22301227,-0.021450952
0.12035223,0.20423001,-0.08387778
0.5846961,0.4068189,0.17787722
0.1909448,0.2738303,-0.08288549
0.29819664,0.26451248,0.033684164
0.11838776,0.2766104,-0.15822265
0.3922331,0.21005788,0.18217522
0.20522162,0.23585775,-0.030636132
0.38096875,0.22329006,0.1576787
0.29122996,0.2169799,0.07425006
0.20033874,0.24643055,-0.04609181
0.14101577,0.29289386,-0.15187809
0.18078806,0.29659158,-0.115803525
0.24798547,0.25075254,-0.0027670711
0.20078807,0.26567268,-0.06488462
0.2847379,0.32981354,-0.045075625
0.14463341,0.24855533,-0.10392192
0.294926,0.24313506,0.051790923
0.2309657,0.20124829,0.029717416
0.15953197,0.20045383,-0.040921867
0.08208159,0.17924848,-0.09716689
0.18015066,0.22648573,-0.04633507
0.19439308,0.22159764,-0.027204558
0.19604407,0.19244087,0.003603205
0.0031287093,0.2924409,-0.28931218
0.14381836,0.26119944,-0.11738108
0.4526302,0.19581059,0.2568196
0.45984545,0.21551335,0.2443321
0.5421987,0.35342497,0.18877375
0.19393113,0.26425534,-0.07032421
0.05709945,0.19087416,-0.13377471
0.062932804,0.24196413,-0.17903133
0.2666295,0.19283397,0.07379551
0.124839805,0.17991503,-0.05507522
0.16499832,0.2476967,-0.082698375
0.092635006,0.22407848,-0.13144347
0.11961277,0.19452152,-0.07490875
0.1799304,0.31458578,-0.13465537
0.12048422,0.22039428,-0.099910066
0.14860441,0.17751457,-0.02891016
0.0896256,0.21337298,-0.12374738
0.07418673,0.18461171,-0.11042498
0.23356676,0.2842867,-0.050719947
0.18669741,0.19022557,-0.0035281628
0.2779746,0.2491295,0.028845102
0.10531525,0.18473798,-0.07942273
0.15461169,0.1870816,-0.032469913
0.16747303,0.24848631,-0.08101328
0.14351274,0.18422075,-0.040708005
0.124959975,0.23384075,-0.10888077
0.14426687,0.23662442,-0.092357546
0.12294848,0.20378684,-0.08083835
0.09972487,0.18767771,-0.087952845
0.13827941,0.27350962,-0.13523021
0.1563787,0.31482401,-0.15844531
0.18542674,0.30000535,-0.114578605
0.1871909,0.18382916,0.0033617467
0.1552554,0.20161438,-0.046358973
0.17394924,0.18528892,-0.011339679
0.13682695,0.20200503,-0.06517808
0.1329955,0.2283107,-0.0953152
0.13731807,0.18400386,-0.046685785
0.15927316,0.2310414,-0.07176824
0.13906418,0.17935693,-0.040292755
0.17800772,0.33570394,-0.15769622
0.2539464,0.17803046,0.07591593
0.18586907,0.25307557,-0.0672065
0.21736854,0.18393354,0.033435002
0.16514568,0.20025063,-0.035104945
0.12073607,0.27049115,-0.14975509
0.26807043,0.2981491,-0.03007868
0.15217808,0.1999926,-0.04781452
0.23765245,0.19638494,0.041267514
0.22494715,0.29200122,-0.06705406
0.109303445,0.2206591,-0.11135566
0.11504119,0.33464453,-0.21960333
0.111706786,0.18447515,-0.07276837
0.14862424,0.18277878,-0.034154534
0.1611512,0.1845493,-0.023398101
0.22442468,0.20679572,0.017628953
0.124011934,0.3405822,-0.21657026
0.16731808,0.17963469,-0.012316614
0.13702549,0.24905717,-0.11203168
0.10826896,0.18913132,-0.08086236
0.1703181,0.30493972,-0.13462162
0.13192622,0.19923244,-0.06730622
0.20973186,0.18526974,0.024462119
0.17129926,0.19685933,-0.025560066
0.16103104,0.2869505,-0.12591946
0.17965873,0.23949015,-0.059831426
0.22424704,0.21014708,0.014099956
0.17928255,0.2326375,-0.05335495
0.09411358,0.25037017,-0.15625659
0.12528045,0.23890355,-0.1136231
0.11709864,0.22206047,-0.104961835
0.14480086,0.21365672,-0.06885587
0.0826559,0.23509142,-0.15243551
0.123324655,0.18968788,-0.06636322
0.11327241,0.19496459,-0.081692174
0.09549289,0.29708558,-0.20159268
0.23546676,0.21911886,0.0163479
0.37434345,0.23565483,0.13868862
0.10131317,0.30493662,-0.20362344
0.07926835,0.22124982,-0.14198147
0.11481171,0.18038407,-0.06557236
0.18327567,0.22241357,-0.0391379
0.10001548,0.18043162,-0.08041614
0.0757835,0.18257105,-0.106787555
0.083312236,0.1866912,-0.10337896
0.10091934,0.23569149,-0.13477215
0.17391308,0.23786893,-0.06395586
0.11859959,0.26288697,-0.14428738
0.12974901,0.22862014,-0.09887113
0.16265392,0.27946895,-0.11681503
0.17096114,0.2568851,-0.08592397
0.07379813,0.19872013,-0.124922
0.09394442,0.1992284,-0.10528398
0.14085665,0.23617074,-0.095314085
0.14749196,0.30291468,-0.15542272
0.15636866,0.260687,-0.104318336
0.2195975,0.18498412,0.034613386
0.08583575,0.19021642,-0.104380675
0.10072603,0.21983357,-0.11910754
0.0993415,0.3226587,-0.22331719
0.16565812,0.17776841,-0.012110293
0.2551304,0.22572485,0.029405564
0.13571036,0.21676767,-0.08105731
0.12370931,0.26087445,-0.13716513
0.123986214,0.2340129,-0.11002669
0.1909977,0.2061024,-0.015104696
0.2888138,0.2159853,0.0728285
0.05548047,0.20283361,-0.14735314
0.14559542,0.20337369,-0.05777827
0.07874589,0.19510034,-0.11635445
0.0907417,0.24083188,-0.15009019
0.45533782,0.27429923,0.18103859
0.47902393,0.21889149,0.26013243
0.29454854,0.33022246,-0.035673916
0.35627002,0.29117778,0.065092236
0.5603496,0.22763565,0.33271393
0.20864376,0.22297662,-0.014332861
0.045354415,0.18231823,-0.13696381
0.0015717605,0.21627161,-0.21469985
0.30194792,0.2148473,0.087100625
0.07024252,0.18366393,-0.11342142
0.5447797,0.25174785,0.29303187
0.17524992,0.2966716,-0.12142168
0.21442443,0.25226933,-0.037844896
0.29071492,0.24712649,0.04358843
0.16271901,0.32276648,-0.16004747
0.25501785,0.26216915,-0.0071513057
0.37594783,0.2478776,0.12807024
0.17763542,0.25399408,-0.07635866
0.18073581,0.45812762,-0.2773918
0.3073585,0.1781642,0.1291943
0.3675518,0.21491241,0.15263939
0.26678902,0.2896121,-0.022823095
0.04360197,0.23201066,-0.18840869
0.16026342,0.36410922,-0.2038458
0.1816793,0.2324929,-0.0508136
0.10188306,0.23431423,-0.13243118
0.17201063,0.2599558,-0.08794516
0.55931777,0.29399365,0.26532412
0.2631213,0.2627192,0.00040209293
0.06147031,0.24135253,-0.17988221
0.16381618,0.20321187,-0.03939569
0.41226143,0.343461,0.06880042
0.047828723,0.27310956,-0.22528084
0.19786225,0.23109174,-0.033229485
0.4300492,0.3125663,0.1174829
0.019077417,0.19928229,-0.18020487
0.06673154,0.2851154,-0.21838385
0.7622719,0.295278,0.46699387
0.27073362,0.23204258,0.038691044
0.09712339,0.25477707,-0.15765369
0.15055817,0.23634991,-0.08579174
0.21562915,0.24368659,-0.028057441
0.26142547,0.29861042,-0.037184954
0.34686738,0.2531979,0.093669474
0.3859605,0.2790071,0.10695338
0.47167408,0.23052064,0.24115345
0.9352186,0.28428274,0.6509358
0.40453938,0.2569646,0.14757478
0.13018504,0.22607572,-0.095890686
0.35613593,0.282476,0.07365993
0.39592695,0.31798294,0.07794401
0.20717564,0.26926658,-0.062090933
0.15996256,0.20069994,-0.040737376
0.1694192,0.2938969,-0.124477714
0.008018991,0.20019734,-0.19217835
0.48223007,0.22516474,0.25706533
0.48385274,0.24204063,0.24181211
0.29596874,0.21567607,0.08029267
0.1093491,0.215,-0.1056509
0.065341786,0.20747522,-0.14213343
0.23502308,0.2801737,-0.045150608
0.019325156,0.24958315,-0.230258
0.1017703,0.26499707,-0.16322677
0.36398336,0.2350002,0.12898317
0.47429904,0.2642305,0.21006855
0.54502004,0.4012547,0.14376533
0.030087957,0.2129734,-0.18288544
0.48480886,0.24042213,0.24438673
0.15207332,0.26252243,-0.110449106
0.35536486,0.20721856,0.1481463
0.3203074,0.43681082,-0.11650342
0.41680992,0.2875987,0.12921122
0.06946404,0.23094073,-0.16147669
0.059411794,0.23346478,-0.17405298
0.03542538,0.17733264,-0.14190726
0.7045372,0.24283925,0.46169797
0.19594784,0.23714873,-0.04120089
0.06349225,0.22520888,-0.16171663
0.5224682,0.313873,0.20859522
0.023557132,0.23719367,-0.21363655
0.08458117,0.22952642,-0.14494525
0.28662705,0.27495623,0.011670828
0.32265848,0.24786085,0.07479763
0.5007336,0.22605386,0.27467975
0.28451627,0.2900934,-0.005577117
0.68987155,0.24014333,0.44972822
0.14065003,0.2332539,-0.09260386
0.4442677,0.22299716,0.22127053
0.6706082,0.285665,0.38494322
0.22120604,0.240955,-0.019748956
0.09903562,0.18712574,-0.08809012
0.32004398,0.20404688,0.115997106
0.17649643,0.2646787,-0.088182256
0.037562266,0.1797944,-0.14223213
0.49885798,0.30886048,0.1899975
0.19980887,0.22081129,-0.021002427
0.23524992,0.4600182,-0.22476827
0.3541005,0.30825382,0.04584667
0.08663968,0.26284748,-0.17620781
0.2734975,0.19894418,0.07455331
0.10443488,0.27911553,-0.17468065
0.18286008,0.21401775,-0.031157672
0.12361242,0.19568303,-0.07207061
0.5253022,0.3026825,0.22261968
0.24610676,0.27866057,-0.032553807
0.1772562,0.32918578,-0.15192959
0.5362844,0.29037288,0.24591151
0.2345633,0.22730479,0.0072585195
0.18458116,0.35611275,-0.17153159
0.11136278,0.21356943,-0.102206655
0.37480363,0.3246149,0.05018872
0.18030521,0.19697481,-0.016669601
0.100906044,0.23377338,-0.13286734
0.1723241,0.3142022,-0.14187808
0.30233762,0.24832845,0.05400917
0.15699495,0.23463774,-0.07764278
0.44790187,0.27369243,0.17420945
0.24199277,0.26880664,-0.026813865
0.2604724,0.22640854,0.034063846
0.15606801,0.3237643,-0.16769628
0.13666363,0.32106256,-0.18439893
0.0037765673,0.21230766,-0.2085311
0.06606497,0.2163792,-0.15031423
0.4633512,0.21359047,0.24976072
0.29718608,0.40302464,-0.10583857
0.24300636,0.25994626,-0.016939893
0.117238335,0.24416584,-0.1269275
0.081689745,0.21776882,-0.13607907
0.42353928,0.19834957,0.22518972
0.2365748,0.235977,0.0005978048
0.07471701,0.19514164,-0.120424636
0.2356679,0.2382937,-0.0026258081
0.34610677,0.19353889,0.15256788
0.6561621,0.33298695,0.32317513
0.32091126,0.2880721,0.03283915
0.08756967,0.3336593,-0.24608962
0.24692486,0.30198103,-0.05505617
0.25266677,0.25284308,-0.00017631054
0.4328884,0.2450788,0.18780959
0.271068,0.24596784,0.025100172
0.06572841,0.19020203,-0.12447362
0.47555295,0.31675175,0.1588012
0.25167626,0.20310253,0.048573732
0.4684139,0.33078265,0.13763124
0.41646507,0.23212501,0.18434006
0.31015065,0.33776912,-0.027618468
0.4516636,0.22866899,0.22299463
0.15205243,0.2344841,-0.082431674
0.47048807,0.273661,0.19682708
0.12116206,0.21332446,-0.0921624
0.32266894,0.20551828,0.117150664
0.016420245,0.19552794,-0.1791077
0.060091,0.24183068,-0.18173967
0.15641284,0.21143019,-0.055017352
0.4781862,0.33495584,0.14323035
0.57646203,0.32128945,0.25517258
0.1562635,0.27915618,-0.12289268
0.16447668,0.21013558,-0.0456589
0.24693531,0.3129256,-0.0659903
0.19074409,0.2758598,-0.085115716
0.6244767,0.18390954,0.44056714
0.18887365,0.2181704,-0.029296756
0.07060302,0.22193295,-0.15132993
0.24143592,0.20197335,0.039462566
0.42635754,0.23142329,0.19493425
0.10688002,0.23383763,-0.12695763
0.6470263,0.28667575,0.36035055
0.4695581,0.29118216,0.17837593
0.44073582,0.23441005,0.20632577
0.29798546,0.30631965,-0.00833419
0.27711293,0.228024,0.049088925
0.17514324,0.3856202,-0.21047696
0.20911922,0.1789021,0.030217111
0.35212338,0.2230095,0.12911388
0.5149029,0.22610477,0.28879812
0.6510388,0.2738385,0.37720034
0.12126132,0.21656054,-0.09529922
0.3062008,0.25802588,0.048174918
0.011195585,0.24677813,-0.23558255
0.41178378,0.37399974,0.03778404
0.2577608,0.19776502,0.05999577
0.5425936,0.35518014,0.18741345
0.18477753,0.41576502,-0.23098749
0.018628096,0.31757817,-0.29895008
0.3624682,0.25805905,0.10440916
0.46752048,0.268397,0.19912347
0.29836687,0.29669133,0.0016755462
0.27349442,0.3226717,-0.04917729
0.37837732,0.23985669,0.13852063
0.22249956,0.2298699,-0.007370338
0.14644419,0.24070159,-0.0942574
0.33022684,0.2485443,0.08168253
0.2708194,0.20530209,0.06551731
0.08015892,0.1996176,-0.119458675
0.016162056,0.17888606,-0.162724
0.086987555,0.21638343,-0.12939587
0.15821753,0.21349093,-0.0552734
0.19651733,0.26047903,-0.0639617
0.1189259,0.18315229,-0.06422639
0.005072283,0.24185234,-0.23678006
0.12355713,0.24843463,-0.124877505
0.16905348,0.20073366,-0.03168018
0.4258329,0.3068396,0.11899331
0.42237636,0.3432395,0.07913688
0.46378702,0.23107117,0.23271585
0.23180468,0.27089494,-0.03909026
0.12827282,0.23024699,-0.101974174
0.46427596,0.40181425,0.062461704
0.0674003,0.26066238,-0.19326207
0.37296978,0.22313875,0.14983103
0.1020398,0.22306192,-0.12102212
0.28217563,0.28854102,-0.0063653886
0.10939612,0.2637303,-0.15433416
0.4804724,0.2666011,0.2138713
0.14833248,0.22208676,-0.07375428
0.016506884,0.2662089,-0.249702
0.23963645,0.3254994,-0.085862935
0.23241074,0.27903384,-0.046623096
0.18573363,0.19507518,-0.009341553
0.31450802,0.21492463,0.09958339
0.123807915,0.20245108,-0.078643166
0.11898337,0.26103127,-0.1420479
0.17952673,0.23449495,-0.054968223
0.1955351,0.25556573,-0.06003064
0.42541492,0.26448628,0.16092864
0.03450802,0.2753497,-0.24084169
0.8741841,0.3581313,0.5160528
0.09231366,0.22548097,-0.13316731
0.18965954,0.20274204,-0.013082504
0.20256445,0.23607698,-0.033512533
0.23405129,0.27172834,-0.03767705
0.3949678,0.2104874,0.1844804
0.3626167,0.19345203,0.16916466
0.03141502,0.1818939,-0.15047888
0.10575149,0.25208408,-0.14633259
0.31917146,0.23748955,0.08168191
0.21091345,0.17878926,0.03212419
0.46771902,0.18719658,0.28052244
0.28365946,0.18782735,0.09583211
0.010056609,0.21263742,-0.20258081
0.05448712,0.30283204,-0.24834491
0.44213602,0.20083731,0.2412987
0.0030033174,0.19009283,-0.18708952
0.18876089,0.21751979,-0.028758898
0.5017681,0.21830405,0.28346407
0.123275,0.32925558,-0.20598058
0.1684609,0.22865424,-0.06019333
0.15589038,0.20193304,-0.046042666
0.20684649,0.2229991,-0.016152605
0.05576498,0.1789296,-0.12316462
0.26588514,0.2642362,0.0016489327
0.048781794,0.19533828,-0.14655648
0.30338255,0.27191412,0.03146842
0.11495734,0.23161979,-0.11666245
0.18194053,0.21041343,-0.0284729
0.24098441,0.28473023,-0.043745816
0.23472528,0.29766753,-0.06294225
0.10178379,0.2570171,-0.15523332
0.49117774,0.24990502,0.24127272
0.29646203,0.18767154,0.10879049
0.5276115,0.33884326,0.18876824
0.34537312,0.25864688,0.08672625
0.02265849,0.24388883,-0.22123033
0.051080644,0.2259889,-0.17490825
0.14615901,0.1815171,-0.035358086
0.13257271,0.29025957,-0.15768686
0.18895203,0.2324166,-0.04346457
0.07238681,0.25808853,-0.18570173
0.43357584,0.29738855,0.13618729
0.30056122,0.23784149,0.06271973
0.4520211,0.30056587,0.15145522
0.06542538,0.19815078,-0.1327254
0.289626,0.2646562,0.024969816
0.057862252,0.18070042,-0.12283817
0.10533656,0.23410532,-0.12876876
0.4291767,0.34872967,0.08044702
0.62323624,0.30161366,0.32162258
0.2725048,0.2038087,0.06869611
0.12825193,0.17850813,-0.050256208
0.11679642,0.18832952,-0.0715331
0.08268243,0.20766193,-0.124979496
0.5463053,0.330939,0.2153663
0.06541711,0.19959463,-0.13417752
0.24680991,0.28520474,-0.038394824
0.21026559,0.32420257,-0.113936976
0.4198611,0.20812939,0.21173172
0.042083777,0.27020976,-0.22812599
0.38962078,0.20959824,0.18002254
0.104779705,0.28284964,-0.17806993
0.027875744,0.21890004,-0.1910243
0.27896246,0.23625502,0.042707443
0.090547726,0.20412457,-0.113576844
0.033257145,0.18152958,-0.14827244
0.19157176,0.23089176,-0.039320007
0.2772144,0.29590628,-0.018691868
0.110422336,0.242906,-0.13248366
0.038436964,0.21456534,-0.17612837
0.22198974,0.20550834,0.0164814
0.16992904,0.24469045,-0.074761406
0.39951324,0.22714823,0.17236501
0.38767415,0.223788,0.16388616
0.33288836,0.2246682,0.10822016
0.28909528,0.4041069,-0.1150116
0.46967,0.2888661,0.1808039
0.5446521,0.27684766,0.26780444
0.21947144,0.19440648,0.02506496
0.2955007,0.27495492,0.02054578
0.28062913,0.24384515,0.03678398
0.027473446,0.20256034,-0.17508689
0.22787052,0.20200574,0.02586478
0.24716519,0.21860433,0.028560862
0.30860415,0.2641694,0.044434756
0.19889674,0.27574706,-0.076850325
0.31119558,0.34087634,-0.029680759
0.23545891,0.3246242,-0.0891653
0.41827804,0.20821264,0.2100654
0.35346308,0.3889886,-0.03552553
0.54842436,0.264414,0.28401035
0.2215748,0.32547876,-0.103903964
0.010182001,0.21798232,-0.20780033
0.11800854,0.22624293,-0.10823439
0.13453937,0.25956586,-0.1250265
0.18364073,0.2195167,-0.03587596
0.23151733,0.20371276,0.027804568
0.29802945,0.27357495,0.024454504
0.21805339,0.22891855,-0.010865167
0.14936696,0.36535564,-0.21598868
0.51521856,0.2964661,0.21875244
0.28014326,0.25140792,0.02873534
0.111287445,0.2197882,-0.10850075
0.23190396,0.35829994,-0.12639599
0.11414534,0.18078318,-0.066637844
0.4634975,0.30935788,0.15413961
0.27409005,0.26360622,0.010483831
0.5442394,0.275507,0.2687324
0.2696491,0.32828805,-0.05863896
0.4136542,0.2443904,0.16926381
0.18502308,0.28489998,-0.099876896
0.3155612,0.3646861,-0.049124897
0.29482976,0.2491017,0.045728058
0.09330635,0.2700464,-0.17674007
0.49065527,0.22814624,0.26250905
0.07934605,0.24936587,-0.1700198
0.40357804,0.21457313,0.18900491
0.41804293,0.31559652,0.10244641
0.4427212,0.20495345,0.23776774
0.37814742,0.29911584,0.07903159
0.38721743,0.30070618,0.086511254
0.3081631,0.20966975,0.09849335
0.2485519,0.26066577,-0.012113869
0.19917145,0.29929397,-0.10012251
0.48804292,0.21941566,0.26862726
0.082645856,0.23996475,-0.15731889
0.3740983,0.305221,0.06887731
0.46205243,0.31615368,0.14589876
0.04640239,0.1967799,-0.15037751
0.0909866,0.20359927,-0.11261267
0.36534396,0.21858966,0.1467543
0.1854933,0.18852593,-0.0030326247
0.07113289,0.23122326,-0.16009036
0.073079504,0.23946638,-0.16638687
0.30189568,0.36780933,-0.06591365
0.59008056,0.21257287,0.3775077
0.31346092,0.2636681,0.049792826
0.21758316,0.20047697,0.01710619
0.1985728,0.20481932,-0.006246522
0.18994993,0.24048987,-0.05053994
0.286998,0.29991564,-0.012917638
0.51450586,0.53212184,-0.017615974
0.7403701,0.2541329,0.4862372
0.59947973,0.3119805,0.28749925
0.35994166,0.31088972,0.04905194
0.081801645,0.40792093,-0.32611927
0.16786529,0.34054375,-0.17267846
0.21601054,0.25834617,-0.04233563
0.23031044,0.241723,-0.011412561
0.0033272465,0.17879888,-0.17547163
0.5232123,0.32797468,0.19523764
0.26645464,0.29466835,-0.02821371
0.34165317,0.42102632,-0.07937315
0.2728444,0.18690518,0.08593923
0.32018504,0.26017362,0.060011417
0.28347135,0.2460922,0.037379146
0.18411921,0.2882678,-0.10414858
0.19145463,0.29629153,-0.104836896
0.3740095,0.34170762,0.032301873
0.16000436,0.28495136,-0.124947
0.28350487,0.25854227,0.024962604
0.5595215,0.34537244,0.21414906
0.051059745,0.20639855,-0.1553388
0.33915055,0.30162144,0.03752911
0.02218827,0.2514163,-0.22922802
0.1517285,0.2596709,-0.10794242
0.6015278,0.2977392,0.3037886
0.48495734,0.23242314,0.2525342
0.072094224,0.17840102,-0.1063068
0.18426768,0.21749984,-0.033232152
0.29673374,0.20160726,0.09512648
0.10369297,0.27459687,-0.17090389
0.42921022,0.38510782,0.0441024
0.2205351,0.3124837,-0.0919486
0.26803145,0.19614103,0.071890414
0.20869216,0.20754662,0.0011455417
0.23071717,0.27009875,-0.03938158
0.28709346,0.21610987,0.07098359
0.21186163,0.25616464,-0.044303015
0.4145422,0.22448611,0.19005609
0.24617033,0.20604356,0.04012677
0.15466946,0.24681512,-0.09214565
0.2497686,0.33549148,-0.08572288
0.17394565,0.26976004,-0.09581439
0.12583935,0.3100883,-0.18424895
0.15637961,0.22994992,-0.07357031
0.19684654,0.22435334,-0.027506799
0.078930035,0.22892267,-0.14999263
0.13818826,0.20198476,-0.063796505
0.51554024,0.18888992,0.32665032
0.08461977,0.25335515,-0.16873538
0.167946,0.2010431,-0.033097103
0.0761151,0.18733397,-0.11121887
0.16364266,0.21065953,-0.047016874
0.124209486,0.33654281,-0.21233332
0.31542313,0.18053447,0.13488866
0.23490596,0.1885818,0.046324164
0.11918743,0.2036846,-0.08449717
0.32739592,0.19973224,0.12766367
0.06760499,0.2187531,-0.15114811
0.33487296,0.2676451,0.06722787
0.09684782,0.24935457,-0.15250675
0.16675128,0.21284938,-0.0460981
0.10730183,0.19171868,-0.08441685
0.13864774,0.183935,-0.045287266
0.39088094,0.19425187,0.19662908
0.18024242,0.22315842,-0.042916
0.1556613,0.25612658,-0.10046528
0.1439161,0.19853926,-0.054623157
0.33690715,0.18373336,0.15317379
0.121280305,0.25889075,-0.13761044
0.08680243,0.21345922,-0.1266568
0.089516535,0.29860988,-0.20909335
0.094641425,0.29085878,-0.19621736
0.10589175,0.20659244,-0.10070069
0.44199643,0.18667194,0.25532448
0.21920145,0.21518949,0.004011959
0.22600082,0.1921469,0.03385392
0.22402476,0.34674758,-0.12272282
0.21392843,0.23989868,-0.02597025
0.22773416,0.23155072,-0.00381656
0.22802475,0.27062783,-0.042603076
0.19787799,0.22837025,-0.030492261
0.32703605,0.18918467,0.13785139
0.49089232,0.19083756,0.30005476
0.29077378,0.18271309,0.10806069
0.27320078,0.19209507,0.08110571
0.1598368,0.1859746,-0.026137799
0.14776343,0.1802742,-0.032510772
0.1375175,0.22259706,-0.085079566
0.3307247,0.19222812,0.13849656
0.15221597,0.18790221,-0.03568624
0.14230803,0.21126169,-0.06895366
0.13206777,0.25370994,-0.12164217
0.14883171,0.24550274,-0.09667103
0.34677187,0.3985667,-0.051794827
0.4313435,0.24135898,0.18998452
0.15472016,0.22962296,-0.0749028
0.15057006,0.22790022,-0.07733016
0.39384636,0.18729343,0.20655294
0.47846028,0.1940248,0.28443548
0.22501804,0.22320792,0.0018101186
0.13326995,0.23967466,-0.10640471
0.52896076,0.19778073,0.33118004
0.14254218,0.21694195,-0.07439977
0.13666797,0.22903359,-0.09236562
0.16174784,0.25556004,-0.0938122
0.16980827,0.19706067,-0.027252406
0.19648138,0.20864752,-0.012166142
0.17052394,0.19350559,-0.022981644
0.2910292,0.2206887,0.070340514
0.14543194,0.22150156,-0.07606962
0.539513,0.21236926,0.32714373
0.39960036,0.20823732,0.19136304
0.5175242,0.21339995,0.30412424
0.29459855,0.20343207,0.09116648
0.16338275,0.23234913,-0.068966374
0.17509937,0.23504844,-0.05994907
0.19769295,0.37443593,-0.17674299
0.36009353,0.19289854,0.16719499
0.123963244,0.1892016,-0.06523835
0.19683126,0.21413752,-0.017306268
0.17959034,0.17850262,0.0010877252
0.24755712,0.23826104,0.0092960745
0.17911038,0.18639144,-0.007281065
0.1877629,0.267872,-0.080109105
0.23908155,0.17796023,0.061121315
0.09799245,0.20171592,-0.10372347
0.11180334,0.30364075,-0.19183742
0.18974882,0.20216215,-0.012413323
0.19683838,0.2401411,-0.043302715
0.26517245,0.20687982,0.058292627
0.23699568,0.21633351,0.020662174
0.18328555,0.25680956,-0.07352401
0.21398374,0.2010414,0.012942344
0.17657913,0.26363054,-0.08705141
0.18414341,0.22414115,-0.03999774
0.2742555,0.18074912,0.093506396
0.17572741,0.25948298,-0.08375557
0.21252215,0.22994383,-0.017421678
0.34602827,0.21493977,0.1310885
0.36600292,0.23722136,0.12878156
0.19662131,0.20608002,-0.009458706
0.28380013,0.23765305,0.04614708
0.34483656,0.26290306,0.0819335
0.24852538,0.21859406,0.029931322
0.21951254,0.19348407,0.02602847
0.3589953,0.32243228,0.03656301
0.33965617,0.24801323,0.091642946
0.22609338,0.20087454,0.025218844
0.24217771,0.20080116,0.041376546
0.39767182,0.24792194,0.14974988
0.20975357,0.19587746,0.01387611
0.427499,0.2419267,0.1855723
0.2944039,0.19596593,0.09843798
0.24557358,0.23297879,0.012594789
0.22029956,0.21518192,0.00511764
0.2148045,0.22615916,-0.011354655
0.2380681,0.19352975,0.04453835
0.14806032,0.28425413,-0.13619381
0.19751287,0.24378946,-0.0462766
0.26913226,0.25016466,0.018967599
0.2636837,0.25974774,0.003935963
0.27421483,0.2411044,0.03311044
0.16403788,0.25499192,-0.090954036
0.22877881,0.21123809,0.017540723
0.2067244,0.24081057,-0.034086168
0.52103233,0.19305721,0.32797512
0.47567254,0.24176028,0.23391226
0.21962807,0.26974496,-0.050116897
0.15813361,0.2567259,-0.098592296
0.49443188,0.1837286,0.31070328
0.15323716,0.21253595,-0.059298784
0.23950267,0.24358912,-0.0040864497
0.2088202,0.2427059,-0.033885702
0.44566485,0.20889278,0.23677208
0.20700762,0.20785853,-0.0008509159
0.2361662,0.18432266,0.05184354
0.42314294,0.20003605,0.22310689
0.07048213,0.21104711,-0.14056498
0.45983702,0.17908028,0.28075674
0.1820924,0.30087802,-0.11878562
0.3091233,0.20717224,0.10195106
0.23195812,0.2151311,0.016827017
0.08333223,0.19114032,-0.10780809
0.5226952,0.17733264,0.34536254
0.1040636,0.18332657,-0.07926297
0.22404164,0.19905493,0.024986714
0.068805814,0.20781127,-0.13900545
0.42233717,0.19715074,0.22518644
0.3531851,0.18745014,0.16573495
0.10284938,0.20627013,-0.10342075
0.20800827,0.19215363,0.015854642
0.19167097,0.22721004,-0.035539076
0.31160977,0.20287985,0.10872993
0.16284692,0.18095669,-0.018109769
0.14284724,0.21534428,-0.07249704
0.31082544,0.20232758,0.10849786
0.07714502,0.19888827,-0.121743254
0.3647102,0.20883119,0.15587902
0.054036584,0.2327168,-0.17868021
0.38873804,0.1973811,0.19135694
0.44403607,0.1837638,0.26027226
0.12144816,0.3271126,-0.20566443
0.18051104,0.24197522,-0.061464176
0.20548949,0.18151149,0.023977995
0.16375439,0.19914532,-0.03539093
0.3844435,0.18736613,0.19707736
0.1157833,0.20271346,-0.08693016
0.34697115,0.17854363,0.16842753
0.09934504,0.2103167,-0.11097166
0.43607593,0.18950003,0.24657589
0.36208844,0.21559861,0.14648983
0.1636979,0.3214949,-0.15779701
0.12511705,0.19656368,-0.07144663
0.076616034,0.194386,-0.11776997
0.24081054,0.22697315,0.013837397
0.24802591,0.1857138,0.06231211
0.43785462,0.20903707,0.22881755
0.07257852,0.19136736,-0.11878884
0.2226327,0.24892822,-0.026295513
0.46738377,0.17763196,0.28975183
0.10095666,0.25561807,-0.1546614
0.1635668,0.2448389,-0.081272095
0.1780607,0.22723989,-0.049179196
0.12542985,0.325959,-0.20052914
0.2828074,0.21121344,0.07159397
0.17617643,0.18509598,-0.008919552
0.36764273,0.18666932,0.18097341
0.100367896,0.2851284,-0.18476051
0.09136853,0.3080111,-0.21664259
0.39028642,0.28849578,0.10179064
0.122363016,0.2522624,-0.1298994
0.4376023,0.20084962,0.23675269
0.21981004,0.27172443,-0.051914394
0.17579934,0.21167728,-0.035877943
0.20986941,0.22059542,-0.010726005
0.15475014,0.21262851,-0.057878375
0.21492855,0.22215778,-0.007229224
0.23958994,0.19887641,0.040713534
0.24012122,0.23076385,0.009357363
0.17704928,0.2449509,-0.067901626
0.21175411,0.20247611,0.009277999
0.18420999,0.18369019,0.0005197972
0.21907593,0.1940015,0.025074437
0.19620195,0.2182132,-0.02201125
0.3392687,0.22590277,0.11336595
0.21712162,0.2296898,-0.012568191
0.25848505,0.25027326,0.0082117915
0.16780804,0.22636244,-0.058554396
0.22816087,0.24969804,-0.02153717
0.43697807,0.19543767,0.2415404
0.15763435,0.2043427,-0.046708345
0.3040493,0.19830994,0.10573937
0.12588187,0.21305169,-0.087169826
0.16547222,0.19634977,-0.030877545
0.16892245,0.31436163,-0.14543918
0.15098283,0.20245028,-0.05146745
0.42176682,0.18691431,0.23485251
0.12528342,0.21280727,-0.08752385
0.16263339,0.18832469,-0.0256913
0.33769006,0.33438498,0.0033050776
0.1381262,0.21752208,-0.07939589
0.1431807,0.25915343,-0.11597273
0.26740816,0.2063171,0.061091065
0.13509127,0.20145027,-0.066359
0.33318263,0.20810902,0.12507361
0.06717248,0.20158184,-0.13440935
0.14525563,0.26145306,-0.11619744
0.24560945,0.18075138,0.064858064
0.26058018,0.1924577,0.06812248
0.12992045,0.18860856,-0.058688104
0.4897799,0.19682801,0.29295188
0.11447136,0.23687829,-0.12240693
0.15975231,0.23353273,-0.07378042
0.13403782,0.20071015,-0.066672325
0.48805097,0.20672128,0.2813297
0.13821535,0.20941815,-0.0712028
0.21308124,0.22557205,-0.012490809
0.1460053,0.22994095,-0.08393565
0.29878506,0.19092113,0.10786393
0.1574362,0.24062157,-0.08318536
0.28535303,0.19382136,0.09153168
0.15089644,0.24411531,-0.09321886
0.2040605,0.2111351,-0.0070746094
0.16969717,0.25355634,-0.083859175
0.34067544,0.19191325,0.1487622
0.20393096,0.20815864,-0.004227683
0.16243458,0.20663653,-0.044201955
0.11695148,0.20953992,-0.09258844
0.1600991,0.21869516,-0.05859606
0.23682852,0.28308898,-0.04626046
0.30600488,0.27993023,0.026074648
0.16139366,0.243103,-0.08170934
0.1388467,0.21544027,-0.07659358
0.3151072,0.45848894,-0.14338174
0.24449328,0.22845536,0.016037911
0.28863856,0.19901296,0.0896256
0.16719069,0.24784026,-0.08064957
0.240911,0.20398459,0.03692642
0.2533272,0.18918389,0.0641433
0.11532639,0.18497206,-0.06964567
0.14916672,0.28662497,-0.13745825
0.15642835,0.27463964,-0.118211284
0.15607345,0.1872554,-0.031181946
0.14032821,0.21579418,-0.07546596
0.14462154,0.24213612,-0.097514585
0.2264913,0.2286512,-0.0021598935
0.17877561,0.22175363,-0.04297802
0.20221491,0.22080737,-0.018592462
0.08760292,0.24323289,-0.15562996
0.10842467,0.18642633,-0.078001656
0.17852783,0.29801992,-0.119492084
0.22941469,0.22588885,0.0035258383
0.14467603,0.23986378,-0.09518775
0.16962147,0.21325153,-0.043630064
0.12769485,0.19911182,-0.071416974
0.11811894,0.20616291,-0.08804397
0.13314034,0.26392207,-0.13078173
0.11220196,0.23753825,-0.12533629
0.22143666,0.2294777,-0.008041039
0.17229779,0.22567779,-0.053379998
0.24921931,0.22753125,0.021688059
0.28294113,0.21112905,0.07181208
0.24769334,0.31949836,-0.071805015
0.24547775,0.1832839,0.062193856
0.1638592,0.21070194,-0.04684274
0.20383142,0.20792517,-0.0040937513
0.2396758,0.29272118,-0.053045377
0.11137954,0.18615825,-0.07477871
0.18171456,0.21083897,-0.029124409
0.1979203,0.1970703,0.00084999204
0.16159424,0.18225884,-0.020664603
0.21074991,0.20090574,0.009844169
0.31742206,0.1846082,0.13281386
0.256652,0.31728274,-0.06063074
0.39146665,0.31426182,0.07720482
0.14926901,0.28085327,-0.13158426
0.35676157,0.23790908,0.118852496
0.33596453,0.28994292,0.04602161
0.20410194,0.31096265,-0.10686071
0.40048245,0.30361786,0.09686458
0.36995763,0.21757007,0.15238756
0.18136278,0.23227462,-0.050911844
0.2673853,0.21208426,0.05530104
0.43950492,0.23463616,0.20486876
0.16166516,0.224673,-0.06300785
0.33015153,0.25180817,0.07834336
0.39606595,0.24323025,0.1528357
0.26041248,0.21382426,0.046588227
0.1765989,0.24102587,-0.06442696
0.31025454,0.19556114,0.1146934
0.3450635,0.22254238,0.12252113
0.35497653,0.26978308,0.085193455
0.43186638,0.19113085,0.24073553
0.3192776,0.25798905,0.061288565
0.43678957,0.25079632,0.18599325
0.27541462,0.27696612,-0.0015515089
0.3178109,0.22575614,0.092054754
0.30962858,0.21049474,0.099133834
0.21000913,0.32807463,-0.118065506
0.2583936,0.23119882,0.027194768
0.25135195,0.21506497,0.03628698
0.4001968,0.22826532,0.17193148
0.36246225,0.2017928,0.16066945
0.17343135,0.23372445,-0.060293093
0.3983545,0.2846916,0.1136629
0.22271836,0.22120625,0.0015121102
0.2321455,0.20749688,0.024648622
0.32793373,0.26532346,0.06261027
0.21561597,0.26184076,-0.046224788
0.19033414,0.32438993,-0.1340558
0.23126562,0.42021453,-0.18894891
0.28765118,0.29000378,-0.0023525953
0.2664441,0.21275204,0.053692043
0.2283613,0.23715758,-0.00879629
0.22711341,0.22976616,-0.0026527494
0.20247489,0.19917586,0.0032990277
0.17425811,0.29735035,-0.123092234
0.18333575,0.24922961,-0.06589386
0.062932804,0.24196413,-0.17903133
0.092635006,0.22407848,-0.13144347
0.18669741,0.19022557,-0.0035281628
0.14351274,0.18422075,-0.040708005
0.16114882,0.2584141,-0.09726527
0.21736854,0.18393354,0.033435002
0.12073607,0.27049115,-0.14975509
0.090205535,0.28976962,-0.19956408
0.09515329,0.20760047,-0.11244719
0.14726928,0.25399846,-0.10672918
0.22442468,0.20679572,0.017628953
0.11327241,0.19496459,-0.081692174
0.09549289,0.29708558,-0.20159268
0.37434345,0.23565483,0.13868862
0.14099838,0.2061469,-0.06514852
0.18238814,0.19672188,-0.01433374
0.14089388,0.19586477,-0.05497089
0.1366201,0.18381521,-0.047195107
0.106724605,0.21807873,-0.11135413
0.23635888,0.20722592,0.029132962
0.11258667,0.18648878,-0.07390211
0.14345397,0.19960332,-0.05614935
0.115658775,0.27350962,-0.15785085
0.45338082,0.21230766,0.24107316
0.11935783,0.26964498,-0.15028715
0.2876337,0.18696524,0.100668445
0.12287925,0.23021397,-0.10733472
0.17197016,0.1840088,-0.012038648
0.29061174,0.18400386,0.106607884
0.15636866,0.260687,-0.104318336
0.1476755,0.21908998,-0.071414486
0.12836514,0.19009283,-0.061727688
0.12782179,0.20210359,-0.0742818
0.16986986,0.21348158,-0.04361172
0.15627529,0.18447515,-0.028199866
0.1090757,0.25680676,-0.14773107
0.14782178,0.21263465,-0.06481287
0.13637978,0.19872767,-0.06234789
0.16562742,0.18244684,-0.016819417
0.123328574,0.20412457,-0.080795996
0.3600475,0.20038155,0.15966594
0.17337038,0.20178574,-0.028415367
0.10727842,0.24671724,-0.13943882
0.17347486,0.2906301,-0.11715524
0.11165668,0.20726381,-0.09560713
0.1909977,0.2061024,-0.015104696
0.13039231,0.19301909,-0.06262678
0.16870998,0.27982065,-0.11111067
0.122210495,0.22714794,-0.10493744
0.16777998,0.18162744,-0.013847455
0.3675518,0.21491241,0.15263939
0.04360197,0.23201066,-0.18840869
0.1816793,0.2324929,-0.0508136
0.2631213,0.2627192,0.00040209293
0.16381618,0.20321187,-0.03939569
0.06673154,0.2851154,-0.21838385
0.39592695,0.31798294,0.07794401
0.48385274,0.24204063,0.24181211
0.24992904,0.2159768,0.033952236
0.1093491,0.215,-0.1056509
0.36398336,0.2350002,0.12898317
0.06946404,0.23094073,-0.16147669
0.28662705,0.27495623,0.011670828
0.4447096,0.27962258,0.16508701
0.6706082,0.285665,0.38494322
0.17649643,0.2646787,-0.088182256
0.13601054,0.18948585,-0.053475305
0.2604724,0.22640854,0.034063846
0.15606801,0.3237643,-0.16769628
0.13666363,0.32106256,-0.18439893
0.29160616,0.25988156,0.031724602
0.6561621,0.33298695,0.32317513
0.27711293,0.228024,0.049088925
0.17514324,0.3856202,-0.21047696
0.5149029,0.22610477,0.28879812
0.18477753,0.41576502,-0.23098749
0.086987555,0.21638343,-0.12939587
0.19651733,0.26047903,-0.0639617
0.6363606,0.24750996,0.38885063
0.4258329,0.3068396,0.11899331
0.12827282,0.23024699,-0.101974174
0.46427596,0.40181425,0.062461704
0.4804724,0.2666011,0.2138713
0.23709205,0.23349658,0.0035954714
0.17952673,0.23449495,-0.054968223
0.5104306,0.2718508,0.23857978
0.08042538,0.23466435,-0.15423897
0.15589038,0.20193304,-0.046042666
0.20684649,0.2229991,-0.016152605
0.26588514,0.2642362,0.0016489327
0.18194053,0.21041343,-0.0284729
0.24098441,0.28473023,-0.043745816
0.10178379,0.2570171,-0.15523332
0.49117774,0.24990502,0.24127272
0.13257271,0.29025957,-0.15768686
0.62323624,0.30161366,0.32162258
0.4198611,0.20812939,0.21173172
0.033257145,0.18152958,-0.14827244
0.21805339,0.22891855,-0.010865167
0.4634975,0.30935788,0.15413961
0.3081631,0.20966975,0.09849335
0.15953197,0.20045383,-0.040921867
0.082645856,0.23996475,-0.15731889
0.04640239,0.1967799,-0.15037751
0.21758316,0.20047697,0.01710619
0.59947973,0.3119805,0.28749925
0.21601054,0.25834617,-0.04233563
0.23031044,0.241723,-0.011412561
0.28347135,0.2460922,0.037379146
0.19145463,0.29629153,-0.104836896
0.031421106,0.22695121,-0.1955301
0.07669801,0.2148473,-0.13814929
0.082392894,0.25425118,-0.17185828
0.29772204,0.25089353,0.04682851
0.3798328,0.34379184,0.03604096
0.13879833,0.28059703,-0.1417987
0.36291537,0.2713891,0.09152627
0.026990596,0.22874963,-0.20175904
0.49672937,0.22947292,0.26725644
0.07251829,0.19683227,-0.12431398
0.18132706,0.33656353,-0.15523647
0.0292372,0.21043351,-0.18119632
0.558558,0.2712573,0.28730068
0.3284117,0.22656016,0.10185154
0.07048067,0.24160966,-0.17112899
0.5990596,0.28428274,0.31477684
0.59784746,0.30317315,0.2946743
0.2222048,0.33879042,-0.11658561
0.34272727,0.3050398,0.03768748
0.5274399,0.37625885,0.15118104
0.22342737,0.1933147,0.030112669
0.48168233,0.30049318,0.18118915
0.18886103,0.26774126,-0.078880236
0.23539186,0.19249427,0.042897582
0.11135841,0.2842867,-0.1729283
0.042403344,0.19550571,-0.15310237
0.14157785,0.3395394,-0.19796155
0.025517242,0.19733056,-0.17181332
0.94833857,0.27879557,0.669543
0.042215254,0.21885522,-0.17663996
0.17338558,0.31355095,-0.14016537
0.11430512,0.26284748,-0.14854236
0.5292581,0.2282018,0.30105627
0.0021107628,0.19880408,-0.19669332
0.2806374,0.30216172,-0.02152431
0.18197492,0.21770439,-0.035729468
0.022382446,0.22377467,-0.20139223
0.14863114,0.21998644,-0.0713553
0.6645768,0.22324705,0.44132978
0.07414838,0.3142022,-0.2400538
0.51878786,0.23963778,0.27915007
0.5815047,0.23441306,0.34709165
0.027586207,0.17785352,-0.15026732
0.4270742,0.20666316,0.22041103
0.101922676,0.30000535,-0.19808267
0.039289445,0.26595667,-0.22666723
0.773396,0.3543445,0.41905153
0.64188087,0.24985805,0.39202282
0.35239288,0.20551828,0.1468746
0.49700105,0.32128945,0.1757116
0.08337513,0.25994205,-0.17656693
0.08357367,0.21013558,-0.12656191
0.020553814,0.2576274,-0.23707359
0.31009406,0.2757369,0.03435716
0.027711598,0.21723402,-0.18952242
0.0700627,0.25208792,-0.18202522
0.6271578,0.26212844,0.36502936
0.37718913,0.3056061,0.07158303
0.2484744,0.33298805,-0.08451365
0.45362592,0.21349093,0.24013498
0.19263323,0.28300482,-0.090371594
0.7407001,0.23790409,0.50279605
0.042737722,0.29071054,-0.24797282
0.46136886,0.3432395,0.11812937
0.8015883,0.22613135,0.575457
0.46831766,0.21306702,0.25525063
0.25200626,0.24703658,0.0049696863
0.31954023,0.3023879,0.01715234
0.3545768,0.34226227,0.012314528
0.53736675,0.29179332,0.24557343
0.16257054,0.19115824,-0.028587699
0.19549634,0.22606525,-0.030568913
0.34327063,0.22403345,0.119237185
0.08844305,0.22208676,-0.13364372
0.067774296,0.21852194,-0.15074764
0.2544305,0.2174556,0.036974907
0.0323511,0.2206591,-0.188308
0.04971787,0.18946698,-0.13974911
0.21508881,0.2644751,-0.049386293
0.07438871,0.20274204,-0.12835333
0.08900732,0.29249948,-0.20349216
0.15962383,0.17878926,-0.019165426
0.4480982,0.22522917,0.22286904
0.6782759,0.22126691,0.45700896
0.35955068,0.23314878,0.1264019
0.2985789,0.33528757,-0.036708683
0.24733542,0.18646234,0.060873076
0.20054336,0.19533828,0.00520508
0.47299895,0.24854046,0.22445849
0.25428423,0.18042368,0.073860556
0.39974922,0.31513768,0.084611535
0.03846395,0.21543247,-0.17696851
0.6166667,0.3643134,0.25235328
0.12495298,0.21144642,-0.08649344
0.43242425,0.30045834,0.1319659
0.7466353,0.3619435,0.3846918
0.20784745,0.18832952,0.019517928
0.32276908,0.39725125,-0.07448217
0.14732498,0.20603871,-0.058713734
0.726092,0.28591317,0.4401788
0.56506795,0.330939,0.23412895
0.22051202,0.32420257,-0.10369055
0.17201672,0.21894857,-0.046931848
0.51575756,0.28561252,0.23014504
0.1854232,0.2345276,-0.049104407
0.0061128526,0.19844659,-0.19233373
0.37017763,0.22714823,0.14302939
0.69100314,0.28084087,0.41016227
0.44650993,0.40870425,0.037805676
0.34210032,0.36276463,-0.020664304
0.19908045,0.2600236,-0.06094314
0.32721004,0.25485963,0.07235041
0.17701149,0.34087634,-0.16386485
0.08088819,0.19685933,-0.11597114
0.13173458,0.24643055,-0.114695966
0.3949634,0.2858134,0.10915002
0.024137931,0.21042469,-0.18628676
0.109613374,0.23916638,-0.129553
0.36064786,0.23292997,0.12771788
0.20957159,0.31597006,-0.10639848
0.4452978,0.20078543,0.24451238
0.38132706,0.23425214,0.14707492
0.64299893,0.32828805,0.3147109
0.53295714,0.2784782,0.25447893
0.4551933,0.2705196,0.1846737
0.02094044,0.1798009,-0.15886046
0.48683387,0.23839495,0.24843892
0.343093,0.22931609,0.11377692
0.2200627,0.20109549,0.018967211
0.07291536,0.30576578,-0.23285042
0.5007628,0.20861799,0.29214483
0.17800418,0.36780933,-0.18980515
0.044535004,0.21994975,-0.17541474
0.076938346,0.25649905,-0.1795607
0.43423197,0.29160604,0.14262593
0.21914315,0.23516628,-0.01602313
0.1176489,0.24822152,-0.13057262
0.18498433,0.21331972,-0.028335392
0.02137931,0.19257018,-0.17119087
0.034336466,0.21822056,-0.1838841
0.7589655,0.32099894,0.43796656
0.19479623,0.26882857,-0.07403234
0.05464995,0.2596709,-0.20502096
0.48819226,0.2630314,0.22516087
0.21035528,0.22555506,-0.01519978
0.4824765,0.2865966,0.1958799
0.2612748,0.20160726,0.059667557
0.14365727,0.38510782,-0.24145055
0.03411703,0.3138981,-0.27978104
0.13195403,0.19087416,-0.05892013
0.2666295,0.19283397,0.07379551
0.124839805,0.17991503,-0.05507522
0.16635495,0.20493269,-0.038577735
0.11961277,0.19452152,-0.07490875
0.14860441,0.17751457,-0.02891016
0.1547068,0.21197364,-0.05726683
0.0896256,0.21337298,-0.12374738
0.07418673,0.18461171,-0.11042498
0.15714672,0.22982486,-0.072678134
0.2779746,0.2491295,0.028845102
0.10531525,0.18473798,-0.07942273
0.16747303,0.24848631,-0.08101328
0.124959975,0.23384075,-0.10888077
0.12294848,0.20378684,-0.08083835
0.09972487,0.18767771,-0.087952845
0.1563787,0.31482401,-0.15844531
0.1871909,0.18382916,0.0033617467
0.1552554,0.20161438,-0.046358973
0.17394924,0.18528892,-0.011339679
0.1329955,0.2283107,-0.0953152
0.15927316,0.2310414,-0.07176824
0.13906418,0.17935693,-0.040292755
0.2539464,0.17803046,0.07591593
0.18586907,0.25307557,-0.0672065
0.15590563,0.19328457,-0.037378937
0.16514568,0.20025063,-0.035104945
0.15217808,0.1999926,-0.04781452
0.22494715,0.29200122,-0.06705406
0.11504119,0.33464453,-0.21960333
0.1611512,0.1845493,-0.023398101
0.124011934,0.3405822,-0.21657026
0.09749394,0.27483058,-0.17733663
0.1703181,0.30493972,-0.13462162
0.18242079,0.2742514,-0.09183061
0.16103104,0.2869505,-0.12591946
0.10178338,0.2592346,-0.15745123
0.22424704,0.21014708,0.014099956
0.09411358,0.25037017,-0.15625659
0.14480086,0.21365672,-0.06885587
0.0826559,0.23509142,-0.15243551
0.20614882,0.20600829,0.00014053285
0.123324655,0.18968788,-0.06636322
0.23546676,0.21911886,0.0163479
0.10131317,0.30493662,-0.20362344
0.19247173,0.18231823,0.010153502
0.19188657,0.21530047,-0.023413897
0.22085209,0.17992097,0.04093112
0.13342261,0.18565416,-0.05223155
0.07926835,0.22124982,-0.14198147
0.11154174,0.20011231,-0.08857057
0.16737247,0.19487259,-0.027500123
0.32503182,0.18639809,0.13863373
0.26125962,0.21725827,0.04400134
0.14016242,0.18332845,-0.043166026
0.11481171,0.18038407,-0.06557236
0.25588867,0.17873566,0.07715301
0.11018333,0.2160347,-0.10585137
0.119807154,0.18137431,-0.061567158
0.18397643,0.22039428,-0.036417857
0.15354802,0.25165197,-0.098103955
0.18327567,0.22241357,-0.0391379
0.10001548,0.18043162,-0.08041614
0.37994298,0.20069994,0.17924304
0.17689179,0.24894011,-0.07204832
0.11017288,0.18061903,-0.07044615
0.21858458,0.18335691,0.03522767
0.106348425,0.22089586,-0.11454743
0.1900684,0.18287376,0.0071946383
0.12448845,0.2288197,-0.10433125
0.0757835,0.18257105,-0.106787555
0.15683955,0.1817868,-0.024947256
0.1713223,0.25841004,-0.087087736
0.10955637,0.1870816,-0.077525236
0.16206421,0.27700096,-0.114936754
0.111385,0.29418924,-0.18280424
0.083312236,0.1866912,-0.10337896
0.10688068,0.2114686,-0.10458793
0.11483328,0.27944145,-0.16460817
0.10726797,0.20323664,-0.09596867
0.10091934,0.23569149,-0.13477215
0.16043411,0.23463774,-0.074203625
0.2574665,0.18928562,0.068180874
0.18029827,0.18636122,-0.0060629547
0.11473857,0.1821891,-0.06745054
0.12992209,0.18155757,-0.051635474
0.17391308,0.23786893,-0.06395586
0.20009974,0.19621542,0.0038843155
0.11859959,0.26288697,-0.14428738
0.2991175,0.18881375,0.11030376
0.2538406,0.18396267,0.06987792
0.18686044,0.24008894,-0.053228498
0.16912794,0.18597662,-0.016848683
0.1544362,0.26770353,-0.11326733
0.12974901,0.22862014,-0.09887113
0.16265392,0.27946895,-0.11681503
0.17096114,0.2568851,-0.08592397
0.1175292,0.2119644,-0.0944352
0.105136305,0.20182352,-0.09668721
0.21838604,0.19088054,0.027505502
0.119180195,0.22305286,-0.103872664
0.21355847,0.19838682,0.015171647
0.11623348,0.24677813,-0.13054465
0.3304341,0.23643461,0.093999505
0.07379813,0.19872013,-0.124922
0.15657832,0.20765483,-0.051076517
0.09394442,0.1992284,-0.10528398
0.10843829,0.23186654,-0.12342825
0.13281655,0.19163895,-0.058822393
0.12808302,0.19666782,-0.0685848
0.14085665,0.23617074,-0.095314085
0.20194927,0.20221111,-0.0002618432
0.14749196,0.30291468,-0.15542272
0.1459409,0.2963023,-0.15036139
0.18890852,0.23353286,-0.044624344
0.22341217,0.1818939,0.04151827
0.088510774,0.18975611,-0.101245336
0.41063264,0.21263742,0.19799522
0.102503076,0.20563886,-0.10313578
0.2195975,0.18498412,0.034613386
0.08583575,0.19021642,-0.104380675
0.12566923,0.2506264,-0.12495716
0.20873088,0.21174443,-0.0030135512
0.18350622,0.18262798,0.00087824464
0.21076849,0.20066175,0.010106742
0.14040276,0.23192507,-0.091522306
0.12886672,0.21662751,-0.08776079
0.10072603,0.21983357,-0.11910754
0.16197017,0.17956595,-0.017595783
0.13286881,0.30271608,-0.16984726
0.13084164,0.3632464,-0.23240477
0.10423767,0.21937212,-0.115134455
0.0993415,0.3226587,-0.22331719
0.11947277,0.28249642,-0.16302365
0.24580507,0.20904794,0.036757126
0.28087297,0.27020976,0.010663211
0.11716347,0.21838513,-0.10122166
0.16565812,0.17776841,-0.012110293
0.2551304,0.22572485,0.029405564
0.13571036,0.21676767,-0.08105731
0.09709489,0.19670942,-0.09961453
0.12370931,0.26087445,-0.13716513
0.106933594,0.2738303,-0.1668967
0.36802033,0.21456534,0.15345499
0.13409138,0.22261724,-0.08852586
0.11636933,0.19440648,-0.07803715
0.25172982,0.19923244,0.052497372
0.123986214,0.2340129,-0.11002669
0.30189702,0.18526974,0.116627276
0.12257622,0.18091148,-0.05833526
0.22902346,0.20894386,0.020079598
0.21278521,0.22373886,-0.01095365
0.16749786,0.2609271,-0.09342925
0.16919065,0.19663,-0.027439356
0.13812481,0.2700464,-0.1319216
0.11217915,0.20918027,-0.09700111
0.23991165,0.19167793,0.048233718
0.13962951,0.28831023,-0.14868072
0.111040175,0.19071773,-0.07967755
0.13704853,0.18994907,-0.052900538
0.2888138,0.2159853,0.0728285
0.19739336,0.20359927,-0.0062059164
0.12093568,0.23685348,-0.1159178
0.40423766,0.23122326,0.1730144
0.12225229,0.20196936,-0.07971706
0.05548047,0.20283361,-0.14735314
0.1684174,0.18310514,-0.014687747
0.14559542,0.20337369,-0.05777827
0.07874589,0.19510034,-0.11635445
0.10874132,0.24176346,-0.13302213
0.23139545,0.20055534,0.030840114
0.15388238,0.20357907,-0.049696684
0.24584687,0.1843239,0.06152296
0.0907417,0.24083188,-0.15009019
0.16551249,0.29655525,-0.13104276
0.12188657,0.21588844,-0.094001874
0.14622304,0.21600023,-0.06977719
0.20477058,0.2315326,-0.026762024
0.27455115,0.18183583,0.09271532
0.1413641,0.17798954,-0.036625445
0.25391373,0.24048004,0.013433695
0.17853233,0.17840102,0.00013130903
0.17966086,0.19804904,-0.018388182
0.45533782,0.27429923,0.18103859
0.47902393,0.21889149,0.26013243
0.29454854,0.33022246,-0.035673916
0.35627002,0.29117778,0.065092236
0.06630241,0.20956089,-0.14325848
0.5603496,0.22763565,0.33271393
0.20864376,0.22297662,-0.014332861
0.5489311,0.2986059,0.25032523
0.07024252,0.18366393,-0.11342142
0.2219771,0.23048465,-0.00850755
0.2185236,0.29579931,-0.07727571
0.32433343,0.1992257,0.12510774
0.16271901,0.32276648,-0.16004747
0.25501785,0.26216915,-0.0071513057
0.37594783,0.2478776,0.12807024
0.17763542,0.25399408,-0.07635866
0.3073585,0.1781642,0.1291943
0.26678902,0.2896121,-0.022823095
0.16026342,0.36410922,-0.2038458
0.10188306,0.23431423,-0.13243118
0.55931777,0.29399365,0.26532412
0.06147031,0.24135253,-0.17988221
0.047828723,0.27310956,-0.22528084
0.4300492,0.3125663,0.1174829
0.019077417,0.19928229,-0.18020487
0.27073362,0.23204258,0.038691044
0.09712339,0.25477707,-0.15765369
0.21562915,0.24368659,-0.028057441
0.34686738,0.2531979,0.093669474
0.47167408,0.23052064,0.24115345
0.13018504,0.22607572,-0.095890686
0.1259374,0.23607051,-0.11013311
0.35613593,0.282476,0.07365993
0.20717564,0.26926658,-0.062090933
0.10866989,0.19071102,-0.08204113
0.29596874,0.21567607,0.08029267
0.1704724,0.21964967,-0.049177274
0.065341786,0.20747522,-0.14213343
0.23502308,0.2801737,-0.045150608
0.48480886,0.24042213,0.24438673
0.41680992,0.2875987,0.12921122
0.059411794,0.23346478,-0.17405298
0.03542538,0.17733264,-0.14190726
0.7045372,0.24283925,0.46169797
0.19594784,0.23714873,-0.04120089
0.39958942,0.22907656,0.17051286
0.06349225,0.22520888,-0.16171663
0.5224682,0.313873,0.20859522
0.2802373,0.24612999,0.034107298
0.2700022,0.2607085,0.009293675
0.5007336,0.22605386,0.27467975
0.28451627,0.2900934,-0.005577117
0.68987155,0.24014333,0.44972822
0.14065003,0.2332539,-0.09260386
0.123492256,0.21269472,-0.08920246
0.2886072,0.27024516,0.018362045
0.09903562,0.18712574,-0.08809012
0.32004398,0.20404688,0.115997106
0.037562266,0.1797944,-0.14223213
0.49885798,0.30886048,0.1899975
0.19980887,0.22081129,-0.021002427
0.2734975,0.19894418,0.07455331
0.18286008,0.21401775,-0.031157672
0.12361242,0.19568303,-0.07207061
0.3731631,0.3619172,0.011245906
0.07608368,0.20591402,-0.12983033
0.2345633,0.22730479,0.0072585195
0.37480363,0.3246149,0.05018872
0.18030521,0.19697481,-0.016669601
0.100906044,0.23377338,-0.13286734
0.5198454,0.30385712,0.21598831
0.30233762,0.24832845,0.05400917
0.44790187,0.27369243,0.17420945
0.24199277,0.26880664,-0.026813865
0.4633512,0.21359047,0.24976072
0.29718608,0.40302464,-0.10583857
0.24300636,0.25994626,-0.016939893
0.12970437,0.25324082,-0.12353645
0.117238335,0.24416584,-0.1269275
0.081689745,0.21776882,-0.13607907
0.42353928,0.19834957,0.22518972
0.2365748,0.235977,0.0005978048
0.41072318,0.25261396,0.15810922
0.54122996,0.2335481,0.30768186
0.48865944,0.32806137,0.16059807
0.32091126,0.2880721,0.03283915
0.24692486,0.30198103,-0.05505617
0.25266677,0.25284308,-0.00017631054
0.271068,0.24596784,0.025100172
0.06572841,0.19020203,-0.12447362
0.4684139,0.33078265,0.13763124
0.41646507,0.23212501,0.18434006
0.4516636,0.22866899,0.22299463
0.47048807,0.273661,0.19682708
0.12116206,0.21332446,-0.0921624
0.060091,0.24183068,-0.18173967
0.15641284,0.21143019,-0.055017352
0.24693531,0.3129256,-0.0659903
0.19074409,0.2758598,-0.085115716
0.18887365,0.2181704,-0.029296756
0.07060302,0.22193295,-0.15132993
0.4695581,0.29118216,0.17837593
0.29798546,0.30631965,-0.00833419
0.20911922,0.1789021,0.030217111
0.35212338,0.2230095,0.12911388
0.12126132,0.21656054,-0.09529922
0.41178378,0.37399974,0.03778404
0.2577608,0.19776502,0.05999577
0.5425936,0.35518014,0.18741345
0.018628096,0.31757817,-0.29895008
0.3624682,0.25805905,0.10440916
0.46752048,0.268397,0.19912347
0.12937522,0.19197556,-0.062600344
0.29836687,0.29669133,0.0016755462
0.37837732,0.23985669,0.13852063
0.22249956,0.2298699,-0.007370338
0.14644419,0.24070159,-0.0942574
0.33022684,0.2485443,0.08168253
0.19170542,0.25824457,-0.06653915
0.08015892,0.1996176,-0.119458675
0.016162056,0.17888606,-0.162724
0.1189259,0.18315229,-0.06422639
0.051517334,0.2162302,-0.16471286
0.11188306,0.21133403,-0.099450976
0.3402216,0.2796814,0.0605402
0.23180468,0.27089494,-0.03909026
0.2054933,0.32938218,-0.12388888
0.64674723,0.27120435,0.37554288
0.0674003,0.26066238,-0.19326207
0.37296978,0.22313875,0.14983103
0.1020398,0.22306192,-0.12102212
0.1986281,0.2767443,-0.07811621
0.24859153,0.24741623,0.0011752993
0.28217563,0.28854102,-0.0063653886
0.10939612,0.2637303,-0.15433416
0.016506884,0.2662089,-0.249702
0.23963645,0.3254994,-0.085862935
0.23241074,0.27903384,-0.046623096
0.18573363,0.19507518,-0.009341553
0.11898337,0.26103127,-0.1420479
0.2030795,0.3375262,-0.1344467
0.1955351,0.25556573,-0.06003064
0.42541492,0.26448628,0.16092864
0.23405129,0.27172834,-0.03767705
0.31638673,0.26259524,0.053791493
0.31917146,0.23748955,0.08168191
0.46771902,0.18719658,0.28052244
0.28365946,0.18782735,0.09583211
0.5017681,0.21830405,0.28346407
0.1684609,0.22865424,-0.06019333
0.05576498,0.1789296,-0.12316462
0.116533004,0.33879292,-0.22225991
0.30338255,0.27191412,0.03146842
0.7093752,0.26921138,0.44016382
0.23472528,0.29766753,-0.06294225
0.048727363,0.20860834,-0.15988098
0.43639195,0.23274511,0.20364684
0.34537312,0.25864688,0.08672625
0.18895203,0.2324166,-0.04346457
0.46297503,0.29288176,0.17009327
0.43357584,0.29738855,0.13618729
0.30056122,0.23784149,0.06271973
0.06542538,0.19815078,-0.1327254
0.289626,0.2646562,0.024969816
0.10533656,0.23410532,-0.12876876
0.4291767,0.34872967,0.08044702
0.2725048,0.2038087,0.06869611
0.12825193,0.17850813,-0.050256208
0.08268243,0.20766193,-0.124979496
0.38698232,0.20353109,0.18345124
0.24680991,0.28520474,-0.038394824
0.38962078,0.20959824,0.18002254
0.027875744,0.21890004,-0.1910243
0.27896246,0.23625502,0.042707443
0.12035223,0.20423001,-0.08387778
0.16992904,0.24469045,-0.074761406
0.11838776,0.2766104,-0.15822265
0.5446521,0.27684766,0.26780444
0.3922331,0.21005788,0.18217522
0.20522162,0.23585775,-0.030636132
0.28062913,0.24384515,0.03678398
0.027473446,0.20256034,-0.17508689
0.38096875,0.22329006,0.1576787
0.22787052,0.20200574,0.02586478
0.24716519,0.21860433,0.028560862
0.29122996,0.2169799,0.07425006
0.41827804,0.20821264,0.2100654
0.54842436,0.264414,0.28401035
0.2215748,0.32547876,-0.103903964
0.14101577,0.29289386,-0.15187809
0.23151733,0.20371276,0.027804568
0.24798547,0.25075254,-0.0027670711
0.28014326,0.25140792,0.02873534
0.111287445,0.2197882,-0.10850075
0.23190396,0.35829994,-0.12639599
0.11414534,0.18078318,-0.066637844
0.5442394,0.275507,0.2687324
0.4136542,0.2443904,0.16926381
0.18502308,0.28489998,-0.099876896
0.3155612,0.3646861,-0.049124897
0.29482976,0.2491017,0.045728058
0.49065527,0.22814624,0.26250905
0.41804293,0.31559652,0.10244641
0.37814742,0.29911584,0.07903159
0.38721743,0.30070618,0.086511254
0.19917145,0.29929397,-0.10012251
0.48804292,0.21941566,0.26862726
0.3740983,0.305221,0.06887731
0.1854933,0.18852593,-0.0030326247
0.073079504,0.23946638,-0.16638687
0.59008056,0.21257287,0.3775077
0.08208159,0.17924848,-0.09716689
0.31346092,0.2636681,0.049792826
0.18994993,0.24048987,-0.05053994
0.286998,0.29991564,-0.012917638
0.51450586,0.53212184,-0.017615974
0.16786529,0.34054375,-0.17267846
0.4526302,0.19581059,0.2568196
0.26645464,0.29466835,-0.02821371
0.34165317,0.42102632,-0.07937315
0.45984545,0.21551335,0.2443321
0.2728444,0.18690518,0.08593923
0.32018504,0.26017362,0.060011417
0.18411921,0.2882678,-0.10414858
0.3740095,0.34170762,0.032301873
0.5595215,0.34537244,0.21414906
0.33915055,0.30162144,0.03752911
0.6015278,0.2977392,0.3037886
0.19393113,0.26425534,-0.07032421
0.2205351,0.3124837,-0.0919486
0.022978056,0.22785515,-0.2048771
0.14955068,0.25629336,-0.10674268
0.4825601,0.39875284,0.08380726
0.30137932,0.28113148,0.020247847
0.46701148,0.25174785,0.21526363
0.30333334,0.25295964,0.050373703
0.30898643,0.28901908,0.019967347
0.10476489,0.25226933,-0.14750443
0.35357368,0.22662464,0.12694904
0.5395925,0.23889905,0.30069345
0.46825495,0.3708855,0.09736946
0.013855799,0.22231472,-0.20845892
0.1222466,0.19966158,-0.07741498
0.32520378,0.22999963,0.095204145
0.35113898,0.27885938,0.0722796
0.34432602,0.1920869,0.15223911
0.15831766,0.44873062,-0.29041296
0.012936259,0.22578368,-0.21284741
0.1115674,0.39962614,-0.28805873
0.09657262,0.21289727,-0.11632465
0.036990594,0.21388686,-0.17689626
0.011556949,0.20674488,-0.19518793
0.28115988,0.2599558,0.021204084
0.14547545,0.20718849,-0.06171304
0.49882966,0.26512817,0.2337015
0.6351933,0.21560946,0.41958383
0.11583072,0.25472647,-0.13889575
0.32565308,0.343461,-0.01780793
0.106583074,0.23109174,-0.124508664
0.007210031,0.18194777,-0.17473774
0.25615466,0.19214806,0.0640066
0.16862069,0.18450311,-0.015882418
0.020637408,0.21130544,-0.19066803
0.82231975,0.2513095,0.57101023
0.38878787,0.21000966,0.1787782
0.1238349,0.23634991,-0.11251501
0.7685162,0.21357855,0.5549376
0.08573668,0.28185308,-0.1961164
0.041807733,0.31458578,-0.27277803
0.2853396,0.2790071,0.006332487
0.21899687,0.21930572,-0.00030885637
0.45752352,0.2569646,0.20055893
0.51404387,0.42512584,0.08891803
0.2794044,0.27948055,-7.6144934e-05
0.07246604,0.1935431,-0.12107707
0.06318704,0.18737143,-0.12418439
0.27916405,0.23665953,0.04250452
0.10458725,0.28928852,-0.18470126
0.15265413,0.24669018,-0.09403606
0.78507835,0.252516,0.5325624
0.5099164,0.29893702,0.2109794
0.32591432,0.22853121,0.09738311
0.16843261,0.25544676,-0.08701415
0.6160815,0.29858202,0.31749946
0.4816719,0.29330936,0.18836254
0.16341692,0.22089866,-0.057481736
0.107001044,0.20019734,-0.093196295
0.23732497,0.21954584,0.017779127
0.30169278,0.22516474,0.07652804
0.25364682,0.32575223,-0.07210541
0.22354232,0.22069055,0.0028517693
0.5581818,0.27862996,0.27955186
0.13589342,0.22104874,-0.08515532
0.13591431,0.21603513,-0.08012082
0.2936677,0.24958315,0.04408455
0.32788923,0.22446534,0.10342389
0.33111808,0.26761442,0.06350365
0.1254232,0.18753222,-0.062109023
0.43666667,0.27210018,0.16456649
0.24763845,0.2129734,0.034665048
0.10746081,0.23170662,-0.12424581
0.1493208,0.23859611,-0.089275315
0.10036573,0.22985554,-0.12948981
0.06848485,0.1880264,-0.11954155
0.62363636,0.25704986,0.3665865
0.2653814,0.2520313,0.013350099
0.12575758,0.20721856,-0.08146098
0.5028004,0.43681082,0.065989584
0.54423195,0.22192729,0.32230467
0.25891328,0.25100932,0.007903963
0.13643678,0.23162937,-0.0951926
0.6226855,0.32281533,0.29987016
0.114326015,0.23345834,-0.119132325
0.041901775,0.2005274,-0.15862563
0.20653082,0.2455292,-0.03899838
0.34106582,0.28572834,0.05533749
0.024043888,0.23206842,-0.20802453
0.67070013,0.26341587,0.40728426
0.5556113,0.27331737,0.28229395
0.34610242,0.18144354,0.16465887
0.44698015,0.27207893,0.17490122
0.26902822,0.26456687,0.004461348
0.43572623,0.22586402,0.2098622
0.4912539,0.18252273,0.3087312
0.2651306,0.24451175,0.020618856
0.40494254,0.28534344,0.119599104
0.20504703,0.2811343,-0.07608728
0.697628,0.35896224,0.33866578
0.5926437,0.40108332,0.19156036
0.03642633,0.2712835,-0.23485717
0.21528736,0.3002098,-0.08492243
0.13642633,0.23719367,-0.100767344
0.3370115,0.22442997,0.11258152
0.26850575,0.23673022,0.031775534
0.15788923,0.3354355,-0.17754628
0.070595615,0.39105877,-0.32046315
0.057178684,0.22952642,-0.17234772
0.048380356,0.17903522,-0.13065486
0.133093,0.2058396,-0.072746605
0.31986415,0.21440077,0.105463386
0.06644723,0.235477,-0.16902977
0.05354232,0.2841711,-0.23062879
0.18015674,0.24786085,-0.06770411
0.37058517,0.27808928,0.09249589
0.35202718,0.3105994,0.04142779
0.28550678,0.22299716,0.062509626
0.19894461,0.2854966,-0.08655198
0.11724138,0.3215279,-0.20428652
0.0062591434,0.28695485,-0.2806957
0.41741902,0.36049902,0.056919992
0.5847022,0.2946316,0.2900706
0.4812748,0.240955,0.24031982
0.12619644,0.30318964,-0.17699319
0.26754442,0.22387657,0.043667853
0.24096134,0.20757896,0.033382386
0.13050157,0.17851253,-0.04801096
0.21677116,0.25153673,-0.03476557
0.035799373,0.24409351,-0.20829414
0.07286312,0.31438762,-0.2415245
0.27422154,0.228516,0.045705542
0.5714629,0.21818666,0.35327625
0.45535004,0.22999969,0.22535035
0.12737723,0.21667019,-0.08929296
0.25188088,0.25969392,-0.007813036
0.109728314,0.2167399,-0.10701158
0.1576698,0.4600182,-0.30234838
0.12870428,0.22533616,-0.096631885
0.3231766,0.20300907,0.12016752
0.22132707,0.22545934,-0.004132271
0.22444096,0.28130984,-0.05686888
0.009090909,0.24867246,-0.23958154
0.24341694,0.27935368,-0.035936743
0.21858934,0.2963233,-0.077733964
0.132163,0.21015552,-0.077992514
0.43174502,0.26737916,0.16436586
0.038098224,0.23930022,-0.201202
0.53295714,0.3026825,0.23027465
0.24549635,0.34534773,-0.099851385
0.36903867,0.25430086,0.11473781
0.21172413,0.32918578,-0.11746165
0.23216301,0.29037288,-0.058209866
0.18447231,0.26500115,-0.08052884
0.31044933,0.27861804,0.031831294
0.19869384,0.31815434,-0.11946049
0.3756322,0.2592219,0.116410285
0.13894463,0.35611275,-0.21716812
0.1000836,0.2074751,-0.1073915
0.18428423,0.2712044,-0.08692019
0.3779206,0.31859156,0.059329033
0.07123302,0.3177467,-0.24651368
0.5764159,0.3094274,0.2669885
0.095297806,0.18934035,-0.09404255
0.53316617,0.2396405,0.29352567
0.6162696,0.29408056,0.32218903
0.2959561,0.20113862,0.09481749
0.119759664,0.2176477,-0.09788804
0.16197492,0.210628,-0.04865308
0.039592475,0.30465868,-0.2650662
0.00400209,0.2850518,-0.2810497
0.20731452,0.20233056,0.0049839616
0.7345037,0.25149804,0.48300564
0.15800418,0.20333228,-0.045328096
0.043030303,0.25592735,-0.21289705
0.68184954,0.27562097,0.40622857
0.17038663,0.20213577,-0.031749144
0.19512017,0.23047104,-0.035350874
0.29371995,0.23055752,0.06316243
0.42655173,0.2576849,0.16886684
0.5946186,0.2762124,0.31840622
0.0023093,0.17982759,-0.17751828
0.081745036,0.28506213,-0.2033171
0.5916092,0.27727523,0.31433395
0.08035528,0.18037468,-0.1000194
0.55549634,0.34127018,0.21422616
0.07155695,0.2163792,-0.14482224
0.072695926,0.2248309,-0.15213497
0.36360502,0.30567712,0.057927907
0.04740857,0.28423268,-0.23682411
0.20631139,0.2772101,-0.0708987
0.29301986,0.3092809,-0.016261041
0.40618598,0.17735544,0.22883055
0.02937304,0.2399953,-0.21062227
0.13875653,0.23672253,-0.097966
0.37497386,0.23020288,0.14477098
0.0050574713,0.20035592,-0.19529845
0.25695926,0.19334477,0.06361449
0.3387983,0.21127915,0.12751916
0.28056425,0.22423372,0.05633053
0.2394044,0.25916776,-0.019763365
0.25896552,0.25003093,0.008934587
0.13344827,0.3083482,-0.17489994
0.42922676,0.2504182,0.17880857
0.62835944,0.19803709,0.43032235
0.099007316,0.25310144,-0.15409413
0.3087043,0.25718895,0.05151534
0.24652037,0.27555376,-0.029033393
0.69221526,0.27032623,0.42188904
0.21510972,0.20767426,0.007435456
0.6411494,0.24024504,0.40090436
0.039477535,0.2521527,-0.21267518
0.15352142,0.3336593,-0.18013787
0.46899685,0.29712743,0.17186943
0.31958202,0.18005802,0.139524
0.0584744,0.20733777,-0.14886338
0.40049112,0.2450788,0.15541232
0.6028004,0.20516446,0.39763597
0.36949843,0.2474531,0.12204534
0.3311912,0.2695085,0.0616827
0.58267504,0.31675175,0.2659233
0.32778475,0.27336243,0.05442232
0.070522465,0.24970108,-0.17917863
0.030428423,0.18855911,-0.15813069
0.19361547,0.2421206,-0.048505127
0.25659353,0.1923275,0.064266026
0.39081505,0.20310253,0.18771252
0.42433646,0.26391086,0.1604256
0.58725184,0.3435622,0.24368966
0.43812957,0.34706247,0.091067106
0.10752351,0.23691136,-0.12938786
0.2944096,0.2344841,0.059925497
0.065768026,0.37437066,-0.30860263
0.5443365,0.29463276,0.24970374
0.5963323,0.2905372,0.3057951
0.008662487,0.20391357,-0.19525108
0.00015673981,0.18410328,-0.18394653
0.5959143,0.19654939,0.39936492
0.55527693,0.24830627,0.30697066
0.34501567,0.33495584,0.0100598335
0.4261233,0.40658548,0.019537807
0.29007316,0.19141316,0.09865999
0.17656218,0.20197335,-0.025411174
0.46024033,0.23142329,0.22881705
0.07189133,0.23383763,-0.1619463
0.04353187,0.28667575,-0.24314389
0.24829677,0.23441005,0.01388672
0.17044932,0.19457862,-0.024129301
0.28166145,0.25672477,0.024936676
0.09595611,0.36904213,-0.273086
0.037293624,0.21431032,-0.17701669
0.022748172,0.24547711,-0.22272894
0.31731454,0.2953411,0.021973431
0.294535,0.28906667,0.0054683387
0.13180773,0.24407679,-0.11226906
0.0134691745,0.20524396,-0.19177479
0.43717867,0.25802588,0.17915279
0.4083908,0.2366113,0.17177948
0.414326,0.30305952,0.111266494
0.11724138,0.2169076,-0.09966622
0.03555904,0.24260202,-0.20704298
0.7483386,0.2477237,0.5006149
0.19225705,0.25773212,-0.06547508
0.020731453,0.30746794,-0.2867365
0.11495298,0.20530209,-0.09034911
0.122978054,0.18431601,-0.061337955
0.3127168,0.24754861,0.0651682
0.67155695,0.46933338,0.20222357
0.07326019,0.19477491,-0.12151472
0.16319749,0.35098997,-0.18779248
0.23948798,0.26618403,-0.026696056
0.34972832,0.35812804,-0.008399725
0.9279937,0.26159868,0.66639507
0.5407001,0.3658236,0.17487648
0.05643678,0.24185234,-0.18541557
0.36894462,0.27123874,0.09770587
0.17827587,0.23069653,-0.05242066
0.24536051,0.19116342,0.054197088
0.21637408,0.24843463,-0.03206055
0.73291534,0.3488923,0.38402304
0.19334379,0.27584815,-0.08250436
0.48902822,0.3893707,0.099657506
0.08810867,0.20073366,-0.11262499
0.4358307,0.18621019,0.24962053
0.23005277,0.22251227,0.007540494
0.10820272,0.19443807,-0.08623535
0.5961965,0.37675133,0.21944514
0.081159875,0.28029338,-0.1991335
0.1030094,0.2538645,-0.1508551
0.10050157,0.22339186,-0.12289029
0.2699582,0.27877054,-0.008812338
0.20615464,0.26231405,-0.056159407
0.60343784,0.3956379,0.20779994
0.29324973,0.32189468,-0.02864495
0.008328109,0.2642645,-0.25593638
0.22501567,0.19940212,0.025613546
0.054796237,0.26992175,-0.21512552
0.23824452,0.2598941,-0.021649584
0.38681296,0.26028976,0.1265232
0.48517242,0.27896118,0.20621124
0.01908046,0.3039234,-0.28484294
0.061452456,0.2997421,-0.23828965
0.23434691,0.21492463,0.019422278
0.041024033,0.20245108,-0.16142705
0.047638454,0.19638494,-0.14874649
0.18961337,0.20537184,-0.01575847
0.24333334,0.24849811,-0.0051647723
0.6457158,0.29363704,0.35207874
0.656489,0.3748737,0.28161532
0.13149425,0.22548097,-0.09398672
0.014242425,0.22357643,-0.209334
0.5169279,0.21045771,0.3064702
0.16284221,0.23607698,-0.07323477
0.5520585,0.2104874,0.34157112
0.5857262,0.30478284,0.28094336
0.35439917,0.19345203,0.16094714
0.02013584,0.23843032,-0.21829449
0.7175026,0.2849116,0.432591
0.009885058,0.22794244,-0.21805738
0.3045141,0.33192548,-0.027411371
0.570815,0.2410304,0.32978463
0.24625914,0.2579916,-0.011732474
0.46552768,0.20316456,0.26236314
0.4654859,0.18214214,0.28334376
0.008599791,0.31833723,-0.30973744
0.38874608,0.20986894,0.17887715
0.10085684,0.23616503,-0.13530819
0.07524556,0.27255496,-0.1973094
0.030741902,0.26606596,-0.23532405
0.060114942,0.20083731,-0.14072236
0.32223615,0.25328457,0.06895158
0.09011494,0.1787679,-0.08865296
0.4572205,0.18618035,0.27104014
0.19596656,0.260511,-0.064544454
0.330721,0.2184276,0.11229339
0.45173457,0.22954965,0.22218493
0.038568445,0.19892997,-0.16036153
0.23489028,0.20215198,0.0327383
0.8778997,0.26893935,0.6089604
0.11212121,0.18619713,-0.07407592
0.32648903,0.3096675,0.016821533
0.3789237,0.23040903,0.14851469
0.35608152,0.27669138,0.07939014
0.23213166,0.23161979,0.0005118698
0.045444097,0.28395563,-0.23851153
0.08669802,0.2180098,-0.13131177
0.42297804,0.25900263,0.16397542
0.15145245,0.27184483,-0.12039238
0.311139,0.19170395,0.11943504
0.34756532,0.20274243,0.1448229
0.082810864,0.3241172,-0.24130635
0.21073145,0.18773761,0.022993833
0.042831767,0.3070637,-0.26423192
0.3287043,0.24514237,0.08356193
0.19926855,0.37915608,-0.17988753
0.10041797,0.2805188,-0.18010083
0.058025077,0.21302208,-0.154997
0.1146395,0.21853045,-0.10389095
0.46115988,0.25669837,0.20446151
0.2291536,0.2259889,0.0031647086
0.3353814,0.1815171,0.1538643
0.280721,0.25347456,0.027246445
0.17516196,0.18277878,-0.007616818
0.4422257,0.28601545,0.15621024
0.6343992,0.25808853,0.37631065
0.7981087,0.32520297,0.47290573
0.57176596,0.39472654,0.17703941
0.2522884,0.30149227,-0.049203873
0.4735214,0.3183861,0.1551353
0.20600836,0.23183408,-0.025825724
0.38648903,0.35037246,0.03611657
0.14490072,0.25133187,-0.10643114
0.077147335,0.18530658,-0.108159244
0.026269592,0.18070042,-0.15443084
0.21066876,0.32144067,-0.11077191
0.049299896,0.23322833,-0.18392843
0.052173458,0.22124818,-0.16907471
0.1453187,0.2597092,-0.11439051
0.14966562,0.2748712,-0.12520558
0.20491119,0.29646045,-0.09154926
0.22026123,0.20887482,0.011386409
0.1692581,0.30645722,-0.13719912
0.19505747,0.19959463,-0.004537165
0.14657262,0.17963469,-0.03306207
0.1593417,0.23759252,-0.078250825
0.17949843,0.24905717,-0.06955874
0.16437827,0.22852714,-0.06414887
0.036656216,0.18913132,-0.1524751
0.097628005,0.21934023,-0.12171223
0.1384953,0.258272,-0.119776696
0.24908046,0.21355021,0.035530254
0.46931034,0.37730587,0.09200448
0.63546497,0.23028943,0.40517554
0.5306374,0.27863023,0.25200716
0.30171368,0.2905954,0.011118263
0.031494252,0.18605024,-0.15455598
0.02706374,0.22603774,-0.198974
0.19015674,0.4068189,-0.21666215
0.35089865,0.21876648,0.13213217
0.19178684,0.23089176,-0.039104924
0.1630721,0.25020584,-0.08713375
0.2262069,0.25200093,-0.02579403
0.44290492,0.23519877,0.20770615
0.07140021,0.18618314,-0.11478293
0.096530825,0.242906,-0.14637518
0.6644305,0.20419708,0.46023342
0.3969697,0.26365706,0.13331264
0.13990596,0.19775224,-0.057846278
0.19832811,0.20550834,-0.007180229
0.3721212,0.25798124,0.114139974
0.16640544,0.2115839,-0.045178458
0.49693835,0.2001607,0.29677767
0.26299897,0.223788,0.039210975
0.42378265,0.2246682,0.19911444
0.46514106,0.2888661,0.17627496
0.45437828,0.3114941,0.14288417
0.40281087,0.32544982,0.07736105
0.060052246,0.25544947,-0.19539723
0.21869384,0.20063496,0.018058881
0.11749216,0.27495492,-0.15746275
0.015611285,0.18190335,-0.16629206
0.09831766,0.23280194,-0.13448429
0.13527691,0.26523295,-0.12995604
0.1506374,0.2940579,-0.1434205
0.22135842,0.2854882,-0.06412977
0.22632185,0.21368575,0.012636095
0.20001045,0.2641694,-0.06415895
0.24513061,0.27574706,-0.030616447
0.21522465,0.3246242,-0.10939956
0.3408464,0.3889886,-0.048142225
0.0014420063,0.18858579,-0.18714379
0.19068965,0.39950442,-0.20881477
0.37802508,0.31027856,0.06774652
0.20018809,0.22624293,-0.026054844
0.1499791,0.18367568,-0.033696577
0.5007628,0.20469478,0.29606804
9.4043884e-05,0.25956586,-0.2594718
0.19961338,0.23949015,-0.039876774
0.22990596,0.22606638,0.0038395822
0.2422466,0.26701835,-0.02477175
0.2369488,0.2195167,0.017432109
0.62768024,0.19857141,0.42910883
0.25341693,0.24486834,0.008548588
0.16564263,0.27871203,-0.1130694
0.5742947,0.254084,0.3202107
0.13284221,0.19244215,-0.059599936
0.5032706,0.28291753,0.2203531
0.061107628,0.18055308,-0.11944545
0.06733543,0.2360352,-0.16869977
0.2613793,0.33297992,-0.071600616
0.38679206,0.26851577,0.1182763
0.0930303,0.2109991,-0.1179688
0.322372,0.24247006,0.07990193
0.57994777,0.26633883,0.31360894
0.019749217,0.25171316,-0.23196393
0.026227795,0.23727891,-0.2110511
0.0,0.20687246,-0.20687246
0.10562173,0.20623365,-0.10061192
0.11755486,0.26360622,-0.14605136
0.65827584,0.3817466,0.27652925
0.4068652,0.208103,0.19876221
0.24371997,0.28902528,-0.04530531
0.44718912,0.32500455,0.122184575
0.22723094,0.2264215,0.0008094311
0.92062694,0.3142655,0.60636145
0.282884,0.26567268,0.017211318
0.56728315,0.32981354,0.23746961
0.5974086,0.352234,0.24517459
0.6819958,0.26778197,0.41421384
0.0830721,0.24936587,-0.16629377
0.16940439,0.21457313,-0.045168743
0.27480668,0.27747318,-0.0026665032
0.46709508,0.20495345,0.26214164
0.083636366,0.21891528,-0.13527891
0.3212121,0.23890355,0.08230856
0.030491117,0.18105707,-0.15056595
0.13586207,0.24842641,-0.11256434
0.13128527,0.18045631,-0.049171045
0.39245558,0.2618947,0.13056087
0.8144514,0.29533058,0.5191208
0.096927896,0.21107435,-0.114146456
0.39907002,0.24515963,0.1539104
0.051347964,0.18887272,-0.13752475
0.20728318,0.24111912,-0.033835933
0.30316615,0.25371146,0.04945469
0.34567398,0.2508076,0.094866365
0.24419017,0.18505272,0.05913745
0.21887147,0.25993147,-0.04106
0.12330198,0.30569965,-0.18239766
0.09239289,0.24855533,-0.15616244
0.15602925,0.21123333,-0.05520408
0.4541275,0.24029312,0.21383438
0.118108675,0.26006588,-0.14195721
0.75734586,0.20207642,0.5552694
0.29208985,0.22178946,0.070300385
0.18924765,0.26066577,-0.07141812
0.105747126,0.18420748,-0.07846036
0.34315568,0.22591251,0.11724317
0.07629049,0.24267563,-0.16638514
0.20589341,0.22591078,-0.02001737
0.011912226,0.2136296,-0.20171738
0.023092998,0.2289871,-0.2058941
0.57192266,0.31615368,0.25576898
0.2814211,0.21386212,0.067558974
0.06785789,0.22672743,-0.15886953
0.05001045,0.19952233,-0.14951187
0.0012643678,0.17919987,-0.17793551
0.7555486,0.33132845,0.42422014
0.9212539,0.3377066,0.58354735
0.25897595,0.24878094,0.010195017
0.30450365,0.21858966,0.085913986
0.36490074,0.25247484,0.11242589
0.374535,0.21574,0.158795
0.062330198,0.20481932,-0.14248912
0.47289446,0.22648573,0.24640873
0.1555695,0.21775648,-0.062186986
0.12723093,0.23917335,-0.111942425
0.025882967,0.2072053,-0.18132234
0.012570533,0.23989052,-0.22731999
0.05893417,0.22336258,-0.16442841
0.4475444,0.23730856,0.21023583
0.62557995,0.22679532,0.39878464
0.08644723,0.19244087,-0.105993636
0.22417973,0.28281647,-0.05863674
0.41510972,0.2541329,0.16097683
0.3251515,0.3213416,0.003809899
0.61732495,0.24558643,0.37173852
0.20521422,0.40792093,-0.20270671
0.45306164,0.19768587,0.25537577
0.11989551,0.22070193,-0.10080642
0.37710553,0.30350086,0.07360467
0.017722048,0.26119944,-0.2434774
0.1438349,0.23752144,-0.093686536
0.55584115,0.248828,0.30701315
0.056541275,0.17879888,-0.122257605
0.3361651,0.31194398,0.024221122
0.16900732,0.25397977,-0.084972456
0.015642634,0.1988649,-0.18322228
0.0067293625,0.24783546,-0.2411061
0.7315883,0.35342497,0.37816334
0.7694044,0.23242314,0.5369813
0.1899582,0.19953388,-0.00957568
0.44493207,0.21749984,0.22743224
0.011086729,0.27479056,-0.26370382
0.30518287,0.24516898,0.06001389
0.24394985,0.24971214,-0.005762294
0.41427377,0.22077426,0.1934995
0.08747126,0.2819351,-0.19446383
0.2022884,0.27459687,-0.072308466
0.33272728,0.23971096,0.09301633
0.33196056,0.22803369,0.10392687
0.30300835,0.2887608,0.014247537
0.25672007,0.32874525,-0.07202518
0.20179944,0.22834876,-0.026549324
0.15406603,0.32237732,-0.1683113
0.19816859,0.285665,-0.087496415
0.19523305,0.234598,-0.03936495
0.21870427,0.26984784,-0.05114357
0.26419517,0.25932693,0.004868239
0.16942327,0.22375076,-0.054327488
0.24240507,0.23676819,0.0056368858
0.19343555,0.20071414,-0.0072785914
0.3432087,0.25058058,0.09262812
0.18392383,0.2941781,-0.11025427
0.25835556,0.26997706,-0.011621505
0.24642576,0.22561565,0.020810112
0.15740883,0.3080719,-0.15066308
0.18012984,0.2829549,-0.10282506
0.3573805,0.2702632,0.087117314
0.28002438,0.2025049,0.07751948
0.17889799,0.1998317,-0.020933703
0.33791116,0.18202446,0.1558867
0.19651404,0.23375249,-0.03723845
0.35627002,0.29117778,0.065092236
0.2948165,0.24702823,0.047788262
0.34260395,0.26769558,0.074908376
0.56444144,0.3888826,0.17555884
0.3416669,0.20685941,0.1348075
0.30197987,0.29742295,0.004556924
0.2881638,0.26513627,0.02302754
0.39733472,0.19980156,0.19753316
0.17084672,0.27448177,-0.10363506
0.24717624,0.21060684,0.0365694
0.069686204,0.23766288,-0.16797668
0.19428195,0.23454115,-0.040259197
0.21907467,0.21968158,-0.0006069094
0.25576934,0.22259617,0.033173174
0.27153084,0.30402935,-0.03249851
0.18006866,0.24085006,-0.060781404
0.21895204,0.20362082,0.015331224
0.08449749,0.205206,-0.12070852
0.24653348,0.2830949,-0.03656143
0.279373,0.18925884,0.09011415
0.030038057,0.18350643,-0.15346837
0.060565457,0.1971795,-0.13661404
0.37826365,0.24014659,0.13811706
0.15144949,0.21670789,-0.0652584
0.102053374,0.22037047,-0.1183171
0.13603018,0.26299903,-0.12696885
0.24355231,0.21021813,0.03333418
0.14453313,0.20032176,-0.055788636
0.11733776,0.21418586,-0.0968481
0.14978942,0.24131852,-0.0915291
0.2019147,0.2465195,-0.044604808
0.11770892,0.18564889,-0.06793997
0.1065967,0.2330252,-0.12642848
0.18657939,0.18086796,0.0057114363
0.12517951,0.21822056,-0.09304105
0.21751131,0.2102811,0.0072302073
0.15766804,0.18905613,-0.03138809
0.18118866,0.23385708,-0.052668422
0.19822665,0.18342066,0.0148059875
0.16762966,0.23178594,-0.06415628
0.29885337,0.19520876,0.10364461
0.19586,0.29508424,-0.09922424
0.06278351,0.2846431,-0.2218596
0.43054438,0.223459,0.20708537
0.32815215,0.26214033,0.066011816
0.20514226,0.27048713,-0.06534487
0.05654138,0.21414116,-0.15759978
0.030476302,0.23042093,-0.19994463
0.17346564,0.20664269,-0.033177048
0.2776516,0.3253807,-0.047729105
0.20398527,0.19558346,0.008401811
0.27257824,0.2531979,0.019380331
0.2783227,0.31513682,-0.036814123
0.2673967,0.24185157,0.02554512
0.040732604,0.19128281,-0.1505502
0.35309914,0.22005075,0.13304839
0.23520947,0.25093165,-0.015722185
0.2280116,0.21291694,0.015094653
0.1668852,0.25704524,-0.09016004
0.18910615,0.2141177,-0.025011554
0.18192345,0.22486484,-0.04294139
0.18369247,0.31468663,-0.13099416
0.15548846,0.281553,-0.12606454
0.208499,0.23298654,-0.02448754
0.39526263,0.19889343,0.1963692
0.21187554,0.27729073,-0.06541519
0.046941254,0.27804402,-0.23110276
0.19715029,0.28162923,-0.084478945
0.22722377,0.19012263,0.037101135
0.4053301,0.28147122,0.12385887
0.180338,0.22387138,-0.043533385
0.16172884,0.30561346,-0.14388461
0.18603718,0.18278193,0.003255248
0.25030163,0.24789888,0.0024027526
0.073390536,0.23966902,-0.16627848
0.064516425,0.21078146,-0.14626503
0.18577172,0.19889288,-0.013121158
0.30572772,0.19752017,0.10820755
0.45533782,0.27429923,0.18103859
0.47902393,0.21889149,0.26013243
0.33241475,0.28728896,0.045125782
0.071450844,0.2291632,-0.15771236
0.36251995,0.22606897,0.13645098
0.28515443,0.26815104,0.017003387
0.26328948,0.28289905,-0.01960957
0.08661047,0.25317723,-0.16656676
0.08114012,0.18133608,-0.10019595
0.21022226,0.2639324,-0.053710148
0.37372056,0.21325517,0.16046539
0.37731078,0.19140904,0.18590175
0.19052634,0.267781,-0.07725465
0.39771393,0.2856931,0.11202082
0.4072783,0.22456226,0.18271604
0.040735863,0.2921004,-0.25136453
0.4439879,0.35139817,0.092589736
0.2725671,0.21501954,0.057547554
0.22918063,0.20193672,0.027243912
0.1752901,0.20416528,-0.028875187
0.21614,0.25078845,-0.03464845
0.24635981,0.25947312,-0.013113305
0.2059963,0.23651922,-0.030522913
0.062077556,0.2344841,-0.17240655
0.17133035,0.21721926,-0.045888916
0.40082037,0.1944187,0.20640168
0.3111262,0.27550575,0.03562045
0.30098677,0.24697956,0.054007202
0.19675128,0.2534,-0.056648716
0.29169485,0.24696183,0.044733018
0.19960056,0.28043666,-0.0808361
0.08979956,0.18010885,-0.090309285
0.25317612,0.22087213,0.03230399
0.25323793,0.27741832,-0.024180382
0.2666917,0.25920168,0.007490039
0.29454854,0.33022246,-0.035673916
0.20314427,0.24666473,-0.043520465
0.5735613,0.25158593,0.32197538
0.18130514,0.24833924,-0.067034096
0.17083517,0.27272514,-0.10188997
0.08273587,0.21272904,-0.12999317
0.35368183,0.20621793,0.1474639
0.34985048,0.2390908,0.110759676
0.41813862,0.20969719,0.20844144
0.15914626,0.20201832,-0.042872056
0.17964482,0.31660622,-0.1369614
0.17292018,0.28298262,-0.110062435
0.27231967,0.20429096,0.06802872
0.2857869,0.3201958,-0.034408897
0.1868319,0.19361892,-0.006787017
0.37497222,0.2356837,0.13928853
0.22999844,0.2456004,-0.015601963
0.17735831,0.24221319,-0.064854875
0.23914075,0.26275745,-0.023616701
0.28903556,0.23516995,0.05386561
0.38377976,0.24117687,0.14260289
0.2991321,0.22362873,0.07550338
0.6926995,0.23169787,0.46100163
0.3217183,0.25129232,0.07042599
0.44111317,0.22477242,0.21634075
0.1795973,0.2047354,-0.025138095
0.42364785,0.3369504,0.08669746
0.21985424,0.18724106,0.032613173
0.074550405,0.18741328,-0.11286287
0.18487203,0.2508213,-0.06594926
0.18383467,0.19879174,-0.01495707
0.16396695,0.29199085,-0.1280239
0.19148031,0.21346226,-0.021981955
0.28458953,0.22100988,0.06357965
0.06630241,0.20956089,-0.14325848
0.28116181,0.24659178,0.03457004
0.27848193,0.26849046,0.009991467
0.23718752,0.18522114,0.051966384
0.23387054,0.23226403,0.0016065091
0.17901912,0.29834384,-0.119324714
0.07202665,0.1980029,-0.12597626
0.16793862,0.21408975,-0.04615113
0.07726464,0.204698,-0.12743336
0.07620709,0.18678457,-0.11057748
0.21456145,0.42657635,-0.2120149
0.33503178,0.24990502,0.08512676
0.27548933,0.26872733,0.006761998
0.17963003,0.18208331,-0.0024532825
0.16747718,0.26182652,-0.09434934
0.15367869,0.18893981,-0.035261124
0.18235241,0.23919919,-0.056846783
0.22772683,0.21883035,0.008896485
0.075406455,0.2303533,-0.15494683
0.43373862,0.35658783,0.07715079
0.2421301,0.22302389,0.01910621
0.26107693,0.19916937,0.06190756
0.24011067,0.27492917,-0.0348185
0.32270628,0.28367144,0.039034843
0.28283265,0.2655665,0.017266154
0.1978086,0.29777429,-0.09996569
0.21968871,0.2359299,-0.016241193
0.1935879,0.19635597,-0.0027680695
0.37151366,0.23087192,0.14064175
0.20988332,0.23583868,-0.025955364
0.43489224,0.36753574,0.0673565
0.23151468,0.24422413,-0.012709454
0.221181,0.23856464,-0.017383635
0.25803167,0.28708988,-0.029058218
0.1612659,0.2523268,-0.09106089
0.28803316,0.19867522,0.08935794
0.26537248,0.29227448,-0.02690199
0.43693036,0.24773851,0.18919185
0.3371539,0.26151884,0.075635076
0.1848491,0.2158453,-0.030996203
0.5231163,0.30935788,0.21375841
0.2913726,0.24073005,0.05064255
0.21493837,0.24152558,-0.026587203
0.18497297,0.26467386,-0.07970089
0.061829407,0.19034544,-0.12851603
0.15956683,0.2114919,-0.051925063
0.15299141,0.24782547,-0.09483406
0.27095756,0.24271995,0.028237611
0.27703592,0.27191105,0.005124867
0.26562238,0.25117183,0.01445055
0.47384018,0.24983427,0.22400591
0.44031844,0.24443015,0.19588828
0.1688047,0.20109549,-0.032290787
0.21359003,0.24412848,-0.030538455
0.3446423,0.2295247,0.11511761
0.30496445,0.20160806,0.10335639
0.069543764,0.20918027,-0.1396365
0.032195423,0.36257267,-0.33037725
0.35686138,0.23957592,0.11728546
0.1763622,0.29739064,-0.12102844
0.26567882,0.19070625,0.07497257
0.1745025,0.22361447,-0.049111962
0.33634928,0.27359828,0.062750995
0.06902564,0.24358645,-0.17456082
0.26113823,0.25483608,0.006302148
0.25044358,0.20031124,0.050132334
0.23210539,0.31395474,-0.08184935
0.21124947,0.24072742,-0.029477954
0.21614338,0.21411106,0.0020323247
0.34281737,0.18849578,0.15432158
0.32263303,0.24715558,0.07547745
0.31761712,0.22630931,0.091307804
0.24188696,0.25939187,-0.017504916
0.050923448,0.18675694,-0.13583349
0.04578514,0.2560044,-0.21021925
0.33588746,0.28460482,0.051282644
0.5518333,0.19393803,0.35789526
0.32429823,0.3360415,-0.011743277
0.37134013,0.24239297,0.12894715
0.5603496,0.22763565,0.33271393
0.17540722,0.21289569,-0.037488475
0.22902463,0.22254992,0.0064747185
0.06798589,0.21629822,-0.14831233
0.19691993,0.20729095,-0.0103710145
0.25988898,0.22873127,0.031157702
0.03423116,0.19424531,-0.16001415
0.081768714,0.22540754,-0.14363882
0.21277787,0.25756252,-0.04478465
0.18459429,0.19247442,-0.007880136
0.052995298,0.18790177,-0.13490647
0.23005277,0.22251227,0.007540494
0.18564108,0.22285107,-0.037209988
0.20229651,0.21064642,-0.00834991
0.16724874,0.29662526,-0.12937652
0.19118579,0.22807667,-0.03689088
0.18567356,0.206065,-0.020391434
0.117509924,0.19995946,-0.08244953
0.32330716,0.28699064,0.036316514
0.17488421,0.1833786,-0.008494392
0.14895006,0.19822514,-0.049275085
0.11195281,0.20811945,-0.09616664
0.19589826,0.20381582,-0.007917553
0.11678027,0.18946229,-0.072682016
0.32049602,0.18476409,0.13573194
0.2165903,0.18457183,0.032018468
0.23248936,0.18732864,0.045160726
0.14791907,0.18936789,-0.041448817
0.16526918,0.18850529,-0.02323611
0.20952673,0.21521813,-0.005691394
0.13417676,0.20758253,-0.07340577
0.21840121,0.18998706,0.028414145
0.14933701,0.19222355,-0.04288654
0.31915182,0.23359598,0.08555584
0.19492885,0.20451331,-0.009584457
0.21551332,0.18025176,0.035261557
0.16089739,0.18226938,-0.02137199
0.18584347,0.19503462,-0.009191155
0.14741263,0.21102929,-0.06361666
0.14699757,0.19260336,-0.045605794
0.17569602,0.18374506,-0.008049041
0.15387845,0.17896497,-0.025086522
0.18705676,0.20333539,-0.016278625
0.19530842,0.21186149,-0.016553074
0.24136084,0.1904265,0.050934345
0.14739431,0.28853154,-0.14113723
0.18098015,0.21362355,-0.032643408
0.1680797,0.1845631,-0.016483396
0.19620748,0.26374587,-0.067538396
0.1949923,0.212143,-0.0171507
0.2423957,0.18218002,0.06021568
0.14898115,0.21795519,-0.06897403
0.16872573,0.2074877,-0.038761973
0.20074241,0.20099723,-0.00025482476
0.2238431,0.19777766,0.026065439
0.14625727,0.17963141,-0.033374146
0.14522691,0.25213242,-0.106905505
0.13009827,0.18076587,-0.0506676
0.15532936,0.33139646,-0.1760671
0.24642792,0.1880577,0.058370218
0.14914943,0.20806035,-0.05891092
0.17519218,0.1954953,-0.02030313
